1, 6382.975519944898	390.2762373962347	6382.975519944898	0
2, 6417.458981704181	364.5911134276382	34.48346175928236	0
3, 6520.348327454718	399.8872328144667	102.88934575053736	0
4, 6709.202863979597	385.60724068877795	188.85453652487922	0
5, 6989.816584867031	405.3069558869786	280.6137208874343	0
6, 7234.286003990423	390.5151673630129	244.46941912339116	0
7, 7489.950678139293	452.34924491824285	255.6646741488703	0
8, 7791.580653574292	463.21226023041874	301.6299754349993	0
9, 8016.026310373735	450.35462374392694	224.445656799443	0
10, 8276.066327189612	469.4913990330942	260.0400168158767	0
11, 8550.272944000508	474.0949298702729	274.20661681089587	0
12, 8855.64854180046	483.0196263281782	305.3755977999517	0
13, 9122.387502267984	491.599717203776	266.7389604675245	0
14, 9438.964073485353	533.9753311764174	316.57657121736884	0
15, 9561.876577755082	502.26735631014014	122.91250426972874	0
16, 9797.82139203656	600.3441560477272	235.9448142814781	0
17, 9926.311135412814	566.454719453263	128.4897433762544	0
18, 9914.745492116814	582.3372632633192	-11.565643296000417	0
19, 9927.80412336917	605.2396532466671	13.058631252355553	0
20, 9904.476544099882	577.7988252633392	-23.327579269287526	0
21, 9888.963983554624	514.3440926727692	-15.512560545257656	0
22, 9957.955105130435	561.2312619639464	68.99112157581112	0
23, 9946.327550774091	569.7598849299358	-11.627554356344262	0
24, 9966.145592834906	575.1483844882285	19.81804206081506	0
25, 9888.777645451008	597.2797162252325	-77.36794738389835	0
26, 9849.22840798724	554.9589592381558	-39.549237463766985	0
27, 9509.487045590675	554.933697245074	-339.7413623965658	0
28, 9460.341466902404	573.656706601515	-49.14557868827069	0
29, 9453.511493530135	559.657832634465	-6.829973372268796	0
30, 9051.06992509075	549.8980002873719	-402.4415684393862	0
31, 9088.224289215814	543.6111561821972	37.1543641250646	0
32, 8993.55982517801	540.5908991661809	-94.66446403780355	0
33, 8719.76069557893	518.021999177025	-273.7991295990796	0
34, 8631.078052000788	497.3768987705707	-88.68264357814223	0
35, 8425.319605103186	491.1873896411364	-205.75844689760197	0
36, 8486.387418070632	474.120142868175	61.06781296744521	0
37, 8390.627103608196	468.6543627233866	-95.76031446243542	0
38, 8188.148925975358	459.52864106589294	-202.4781776328382	0
39, 8147.434180943636	511.77039909923246	-40.71474503172158	0
40, 7917.327497253637	458.840341487121	-230.10668368999904	0
41, 7876.330767283437	424.70385092646745	-40.99672997020025	0
42, 7777.589915156416	472.14395477484703	-98.74085212702084	0
43, 7584.31915711172	437.5769336317545	-193.27075804469587	0
44, 7547.529599635138	447.8111404630338	-36.78955747658256	0
45, 7486.594854915314	426.0175357823272	-60.934744719824266	0
46, 7328.346555168447	394.55357432640744	-158.2482997468669	0
47, 7335.750480354958	404.34907769498915	7.403925186511515	0
48, 7161.415780964863	411.09955319105	-174.334699390095	0
49, 7065.362661021081	408.2484644068658	-96.0531199437819	0
50, 7087.698524674232	429.06710059706325	22.335863653151137	0
51, 7213.868350759737	410.7823362397062	126.16982608550461	0
52, 6952.566092061157	394.9554031299565	-261.30225869857986	0
53, 6903.468338503281	394.45411798060223	-49.097753557875876	0
54, 6923.3444347743225	411.5336751554188	19.876096271041206	0
55, 6836.030704661008	409.93718906685154	-87.3137301133147	0
56, 6856.8586576491525	369.11283744684545	20.827952988144716	0
57, 6874.040156743105	419.2586520923856	17.18149909395288	0
58, 6879.741556891555	403.9752591229218	5.701400148449466	0
59, 7039.569254412294	436.85677215144864	159.8276975207391	0
60, 7016.834352688768	428.58091992371703	-22.73490172352558	0
61, 7031.449152928995	383.2594867406887	14.614800240226941	0
62, 7078.877721776338	378.79245169174663	47.42856884734283	0
63, 7072.2374275848415	387.0953381092259	-6.6402941914966505	0
64, 7193.131212740889	464.8719282473682	120.89378515604767	0
65, 7173.408860694088	421.7777281242209	-19.72235204680146	0
66, 7244.001546870155	417.580574268891	70.59268617606722	0
67, 7388.218790821591	436.9579489621165	144.2172439514361	0
68, 7448.000208491053	429.3258534556038	59.781417669461916	0
69, 7415.059376524977	419.2089464694902	-32.940831966076075	0
70, 7500.1637519197775	424.2969352155631	85.10437539480063	0
71, 7548.025250084075	467.92946743386653	47.8614981642977	0
72, 7603.849323436638	437.02358022832203	55.824073352562664	0
73, 7654.695364726515	475.50016040200654	50.846041289877576	0
74, 7815.8766303413195	473.00610237359723	161.18126561480403	0
75, 7820.716841013664	425.40572640776	4.840210672344256	0
76, 7821.5907828660365	427.4294547512062	0.8739418523728091	0
77, 7756.846574232005	382.61886619065723	-64.74420863403157	0
78, 7845.741656476293	442.3142638081996	88.89508224428846	0
79, 7988.4554659481155	485.77978894383006	142.71380947182206	0
80, 7882.726628555921	473.617009596844	-105.72883739219469	0
81, 7881.072909498329	438.1746588781299	-1.653719057591843	0
82, 7849.517353762904	472.8167420192131	-31.555555735424605	0
83, 7738.368222348127	428.96923086721193	-111.149131414777	0
84, 7681.19500648238	455.85993336025115	-57.1732158657469	0
85, 7642.98977129998	413.2281550898775	-38.20523518240043	0
86, 7567.913144758229	380.3115089792051	-75.07662654175147	0
87, 7608.915709314317	456.4905888518618	41.002564556088146	0
88, 7550.696556076777	435.46865864967094	-58.21915323754001	0
89, 7594.1219438581475	465.34634157373165	43.42538778137077	0
90, 7566.571806905169	411.609171567013	-27.55013695297839	0
91, 7530.269445490121	487.4311750260408	-36.302361415047926	0
92, 7586.969927742084	444.34428006227586	56.70048225196297	0
93, 7600.345199013254	433.8600680745012	13.375271271170277	0
94, 7673.634680741784	430.52401750307615	73.28948172852961	0
95, 7704.686153398838	414.5930950646711	31.051472657053637	0
96, 7797.400113541318	427.8919096760013	92.71396014248057	0
97, 7873.037467346351	494.920392142841	75.63735380503294	0
98, 7959.541395925259	459.8615439963284	86.50392857890802	0
99, 7885.552114601914	436.0754237120554	-73.9892813233455	0
100, 7770.030079304184	420.3291891366247	-115.52203529772942	0
101, 7753.587796272147	431.6985148654755	-16.442283032037267	0
102, 7884.558991070567	420.7311607545322	130.97119479841967	0
103, 7816.941203909233	460.63471789678835	-67.61778716133358	0
104, 7810.998434904002	462.96652407558236	-5.94276900523073	0
105, 7562.57865837807	427.5582665675594	-248.41977652593232	0
106, 7646.372783387569	463.61322634773103	83.79412500949911	0
107, 7648.611324093201	441.9890415134809	2.238540705631749	0
108, 7635.985582615138	433.2268652943909	-12.625741478062992	0
109, 7671.257156357644	417.65941978090405	35.27157374250601	0
110, 7459.641784850022	434.6887473779935	-211.6153715076216	0
111, 7424.582523763739	438.75770584820697	-35.059261086283186	0
112, 7435.643404319783	426.273090980939	11.06088055604414	0
113, 7442.058962822404	414.2764979335446	6.415558502621025	0
114, 7501.073970275119	434.68413297984495	59.0150074527146	0
115, 7423.710672353784	388.0307665061113	-77.36329792133529	0
116, 7473.798621547849	425.8660574604252	50.087949194065004	0
117, 7436.138920877765	421.94004728844453	-37.65970067008402	0
118, 7454.058527860638	443.20728443485876	17.91960698287312	0
119, 7342.680485086328	427.6431677055163	-111.3780427743095	0
120, 7324.795599953456	377.8440425451837	-17.884885132872114	0
121, 7324.517734940902	422.1782439025995	-0.27786501255377516	0
122, 7309.026629718966	428.2211248053731	-15.491105221935868	0
123, 7298.083033546407	400.51939131032947	-10.94359617255941	0
124, 7318.658451498288	423.4628737813536	20.57541795188081	0
125, 7342.99929313285	442.95823124281395	24.34084163456191	0
126, 7275.682903580942	443.42278729104004	-67.31638955190738	0
127, 7290.661888154781	416.5785047524016	14.978984573838716	0
128, 7356.4225466969265	437.5462175350535	65.76065854214539	0
129, 7332.327900819565	430.7325715362761	-24.094645877361472	0
130, 7408.432071680206	451.69205340602747	76.1041708606408	0
131, 7322.9232825414	402.34904000553075	-85.5087891388057	0
132, 7381.92754452435	385.1711199943682	59.004261982950084	0
133, 7425.272042296003	446.3244498813092	43.34449777165264	0
134, 7467.429451707854	373.10187984238814	42.157409411851404	0
135, 7598.825353549653	420.73702786429516	131.39590184179906	0
136, 7636.406679092647	458.0941430248654	37.58132554299391	0
137, 7572.253154089416	444.8656979493285	-64.15352500323115	0
138, 7670.562046331284	446.259390205141	98.3088922418683	0
139, 7610.116647829831	430.843581558449	-60.44539850145338	0
140, 7606.111423927258	450.5775179577916	-4.005223902572652	0
141, 7604.024795310032	410.7288198171549	-2.086628617226779	0
142, 7596.863948402031	426.22614867945884	-7.160846908000167	0
143, 7632.497739675068	437.7541586011568	35.63379127303688	0
144, 7593.453412269155	412.355264106162	-39.044327405913464	0
145, 7590.819547637556	438.9491765409464	-2.6338646315989536	0
146, 7546.752471215381	426.3659952736341	-44.06707642217498	0
147, 7659.322046229352	445.6443901049655	112.56957501397119	0
148, 7700.1184947789025	449.79999746583655	40.796448549550405	0
149, 7673.357049755351	483.55475582232975	-26.76144502355146	0
150, 7670.860575814269	413.3918950499381	-2.4964739410816037	0
151, 7591.469347930283	437.77788665376886	-79.39122788398618	0
152, 7440.469624744059	470.32461796305375	-150.9997231862244	0
153, 7513.942265291793	424.7459013159987	73.47264054773404	0
154, 7490.123752079348	411.6614937177418	-23.818513212444486	0
155, 7497.261543705555	440.5282075778241	7.137791626206308	0
156, 7508.147649531595	413.49347738802646	10.886105826039966	0
157, 7497.40268716362	414.69510806167466	-10.74496236797495	0
158, 7473.099983738383	472.400420951138	-24.30270342523636	0
159, 7464.408255135865	425.43204632843185	-8.691728602518197	0
160, 7480.065068160179	439.60866962438416	15.656813024314033	0
161, 7571.981958538086	453.438846679506	91.91689037790638	0
162, 7567.056802362296	454.41000186265006	-4.925156175789198	0
163, 7553.954314109397	449.5161705441509	-13.102488252899093	0
164, 7449.499882908259	432.9826217896637	-104.4544312011385	0
165, 7346.2338359307605	421.48672448533233	-103.26604697749826	0
166, 7364.104233766891	397.1400223883887	17.870397836130905	0
167, 7338.397998919639	400.7227916404422	-25.706234847252745	0
168, 7387.254429644218	419.4392134976727	48.856430724579695	0
169, 7416.027127566445	445.9415177719029	28.772697922227053	0
170, 7432.344649358344	437.20880609579814	16.3175217918988	0
171, 7461.500839010508	423.9084696263964	29.156189652163448	0
172, 7380.975551156284	417.8761349251012	-80.52528785422328	0
173, 7419.891052662842	455.9379339669353	38.91550150655803	0
174, 7452.832931550752	404.3779157623879	32.9418788879093	0
175, 7524.801601762707	456.66678179501315	71.96867021195521	0
176, 7485.691644213927	451.6938416824128	-39.109957548779676	0
177, 7435.904421571861	391.05162764621974	-49.7872226420659	0
178, 7481.996426480485	440.3778044315411	46.092004908623494	0
179, 7477.35750454656	413.57767564672406	-4.638921933924394	0
180, 7542.379599486718	448.9101655373073	65.02209494015733	0
181, 7522.378128584489	420.21908787772156	-20.001470902228903	0
182, 7603.267537109563	452.9664102406047	80.88940852507403	0
183, 7589.741056607932	431.5604445599703	-13.52648050163134	0
184, 7606.974922542152	451.6567350766555	17.233865934220375	0
185, 7572.478526465017	468.5257281414322	-34.496396077134705	0
186, 7659.129091928729	443.86567709670555	86.65056546371216	0
187, 7656.9420332414975	424.5808007653834	-2.187058687231911	0
188, 7740.389704956057	441.9398718866552	83.44767171455987	0
189, 7736.879605414616	485.65963786644517	-3.5100995414413774	0
190, 7755.740643570029	427.1565133871072	18.861038155412643	0
191, 7798.66404834733	463.89678686524786	42.923404777301585	0
192, 7747.272114650502	451.680435686238	-51.391933696828346	0
193, 7673.556643678789	439.20568343968597	-73.71547097171242	0
194, 7740.857303751677	440.19020809477314	67.3006600728877	0
195, 7827.374033194036	451.68136729345224	86.51672944235906	0
196, 7837.337798351466	475.83760689548416	9.963765157429407	0
197, 7795.16262010294	465.3759416353235	-42.1751782485253	0
198, 7710.893620596603	468.5176385410453	-84.26899950633742	0
199, 7791.561742823452	470.2234538411639	80.66812222684894	0
200, 7809.795290789522	464.50166943609423	18.233547966070546	0
201, 7826.067437896929	451.13723939471345	16.272147107406454	0
202, 7799.694857529471	463.15789788554554	-26.372580367457886	0
203, 7855.39259212311	433.3499584441494	55.697734593639325	0
204, 7837.960169759615	443.8075761112054	-17.43242236349488	0
205, 7875.201317194696	459.199878449901	37.241147435080165	0
206, 7960.541863382234	447.81371942449783	85.34054618753817	0
207, 7898.604901227132	463.3955520063139	-61.936962155101355	0
208, 7967.466197297467	441.2489520919649	68.8612960703349	0
209, 8024.972788646198	472.74212662566674	57.50659134873058	0
210, 8128.695391721089	474.1955154494131	103.7226030748916	0
211, 8188.334165738034	454.69157249405515	59.63877401694481	0
212, 8325.637137261525	499.2917166421684	137.30297152349067	0
213, 8314.331147997593	508.2646853362783	-11.305989263932133	0
214, 8414.466586089373	460.0606858762912	100.13543809178009	0
215, 8476.775084034145	469.1877732589905	62.30849794477217	0
216, 8591.708887728537	507.163250326522	114.93380369439183	0
217, 8712.515108799622	500.8428492470087	120.80622107108502	0
218, 8842.049814104983	522.3237120674388	129.53470530536106	0
219, 8880.624710541653	471.769696657949	38.574896436670315	0
220, 8975.377127039286	537.3184819126834	94.75241649763302	0
221, 9072.051506482385	518.2953214205695	96.67437944309859	0
222, 9082.681254923975	551.7829441434061	10.629748441589982	0
223, 9055.356827784612	539.8729865362185	-27.32442713936325	0
224, 9316.549856756294	530.9900533989389	261.193028971682	0
225, 9249.695439803076	569.183706047568	-66.85441695321788	0
226, 9294.24788351233	530.5302639686053	44.552443709253566	0
227, 9201.913680324587	495.078174970532	-92.33420318774188	0
228, 9156.687255353989	545.5711054830181	-45.2264249705986	0
229, 9358.728609396312	557.8866666508362	202.0413540423233	0
230, 9429.511802072284	557.9963149836542	70.7831926759718	0
231, 9267.715540425526	488.47522304076654	-161.79626164675756	0
232, 9156.917644077203	569.39769354395	-110.79789634832377	0
233, 9170.535403719705	594.0842805197229	13.617759642502278	0
234, 9046.361536355094	530.1302998064854	-124.17386736461049	0
235, 8966.75190776395	510.8207979691332	-79.60962859114443	0
236, 8870.842290659499	539.8166150189976	-95.90961710445117	0
237, 8711.988082926095	515.0042757651605	-158.8542077334041	0
238, 8676.75482969001	501.1487750274282	-35.23325323608515	0
239, 8608.856568086303	473.2269987418099	-67.89826160370649	0
240, 8434.687637136001	510.95606785067935	-174.16893095030173	0
241, 8473.860025194203	504.5306119758586	39.17238805820125	0
242, 8285.424976293289	460.29252709793866	-188.4350489009139	0
243, 8298.331055276001	498.8399324414113	12.906078982712643	0
244, 8139.770325494423	444.0445530768042	-158.56072978157863	0
245, 8064.36430794974	452.5115786560393	-75.40601754468298	0
246, 8011.323269861155	523.5736552619801	-53.04103808858508	0
247, 7918.820186312283	467.81404999488365	-92.50308354887147	0
248, 7863.558832102846	419.1095848476132	-55.26135420943683	0
249, 7698.175256362991	440.70864429349314	-165.3835757398556	0
250, 7643.522910075149	456.18078257306485	-54.65234628784128	0
251, 7686.396970414928	438.9140819005491	42.874060339778225	0
252, 7400.319553024923	426.2659199767079	-286.0774173900045	0
253, 7396.373494330556	468.66745709853427	-3.9460586943669114	0
254, 7323.668799003538	374.5919135587389	-72.70469532701827	0
255, 7268.596976348927	419.4057947704601	-55.071822654611424	0
256, 7184.104627079248	428.79387905012567	-84.49234926967893	0
257, 7113.717183523833	402.372499676283	-70.3874435554144	0
258, 7148.048951065766	423.96169151556387	34.331767541933004	0
259, 7144.441609615119	429.23160848849585	-3.6073414506472545	0
260, 7147.717672661686	415.4305883926865	3.2760630465672875	0
261, 7207.766501578798	427.8916538899212	60.04882891711168	0
262, 7154.225081790227	424.98562018691405	-53.54141978857115	0
263, 7135.4211029097905	384.0781611891329	-18.80397888043626	0
264, 7176.4945416217915	430.7815527024284	41.07343871200101	0
265, 7179.933874913752	400.3917947438033	3.439333291960793	0
266, 7164.254098123316	433.04042501030085	-15.679776790436335	0
267, 7186.151217751721	424.7661582802579	21.897119628404653	0
268, 7166.997706704034	451.37741473270813	-19.15351104768706	0
269, 7180.381063595028	405.16576364861675	13.383356890994037	0
270, 7136.220456375516	411.9392466266065	-44.1606072195118	0
271, 7189.099803845431	432.1793324314906	52.87934746991505	0
272, 7169.076806224784	421.50840954365464	-20.022997620646493	0
273, 7149.762289358086	418.5533000036811	-19.314516866698796	0
274, 7159.165772472405	416.43382218769653	9.403483114318988	0
275, 7285.494860703606	427.2045714041724	126.32908823120124	0
276, 7358.2689575494505	427.5402157255767	72.77409684584472	0
277, 7332.767354880111	476.910115033733	-25.501602669339263	0
278, 7374.792144198544	445.87725679015995	42.02478931843234	0
279, 7420.456698028647	418.07262735725163	45.664553830103614	0
280, 7635.360723848721	415.7939448451778	214.9040258200739	0
281, 7620.368125621011	467.9468217131703	-14.992598227710005	0
282, 7809.506066170148	417.0754634064514	189.13794054913706	0
283, 7772.890061847808	456.3337708224645	-36.616004322339904	0
284, 7812.682145580834	440.0420622232848	39.79208373302572	0
285, 7778.781429300535	462.96728713050146	-33.90071628029909	0
286, 7877.745140879101	458.5026106563267	98.96371157856629	0
287, 7928.58737677812	463.4688186319206	50.842235899019215	0
288, 7788.978559819313	466.25898260187114	-139.60881695880744	0
289, 7822.565005037471	462.76401222300024	33.58644521815768	0
290, 7772.808094449954	455.9641630222276	-49.75691058751636	0
291, 7803.993077440737	461.9065211226293	31.184982990782373	0
292, 7786.179760236439	417.19023588482935	-17.813317204298073	0
293, 7855.6722866833	447.310708587481	69.49252644686112	0
294, 7811.8417332881645	444.61412012294505	-43.83055339513521	0
295, 7724.715094206059	424.83231960512745	-87.12663908210561	0
296, 7773.515908175613	484.4130076433755	48.80081396955393	0
297, 7722.256907841569	432.0964416393406	-51.259000334043776	0
298, 7675.708445042069	483.8687560034567	-46.54846279950016	0
299, 7718.416671330434	448.57679698772813	42.70822628836504	0
300, 7690.263018830351	455.68874929168874	-28.1536525000829	0
301, 7703.870837881748	493.62058535994595	13.6078190513972	0
302, 7553.504855441319	419.4852178370006	-150.36598244042943	0
303, 7613.720572336394	400.5609006817038	60.215716895075275	0
304, 7651.933587388176	451.4096548723031	38.21301505178235	0
305, 7620.208560686306	426.3281884003765	-31.725026701870775	0
306, 7520.894375332922	431.1466185329466	-99.31418535338344	0
307, 7542.09474745422	414.6953690091192	21.200372121297733	0
308, 7590.346346475429	433.923541417386	48.251599021208676	0
309, 7515.283400515905	478.1079667720392	-75.06294595952386	0
310, 7544.026102373705	425.8953598096545	28.742701857800057	0
311, 7534.493976247341	426.60395172081644	-9.532126126363437	0
312, 7505.186758093169	433.89737666307406	-29.307218154172006	0
313, 7530.146335725616	481.3839508534983	24.95957763244678	0
314, 7510.4523648704835	462.12910822334015	-19.693970855132648	0
315, 7455.600286712592	402.47522085784647	-54.85207815789181	0
316, 7449.467645458193	447.63326326991944	-6.13264125439855	0
317, 7409.3498798101755	443.4242901828078	-40.11776564801767	0
318, 7429.081282333078	420.8445925054955	19.7314025229025	0
319, 7442.3709874274855	457.1774304852755	13.289705094407509	0
320, 7362.95316577263	454.098099171812	-79.41782165485529	0
321, 7408.137324899945	452.8124445228215	45.18415912731507	0
322, 7412.745534297608	366.37660211120664	4.608209397662904	0
323, 7490.640915862006	453.51786905115216	77.89538156439812	0
324, 7430.333389643858	396.118775262982	-60.30752621814827	0
325, 7464.983400363081	462.7298017986508	34.650010719223246	0
326, 7532.6362350521695	445.8114139790246	67.6528346890882	0
327, 7502.836610922544	444.1746863020244	-29.799624129625045	0
328, 7546.1163749980615	461.82699450372206	43.27976407551705	0
329, 7598.461814317565	458.445033312526	52.345439319503384	0
330, 7691.161712955535	436.7309901387008	92.69989863797036	0
331, 7709.143590922902	434.9033792872474	17.981877967366927	0
332, 7739.777332958276	458.9873258391115	30.63374203537387	0
333, 7771.385802053724	457.05483836374935	31.608469095447617	0
334, 7810.835156333973	459.4514657722862	39.44935428024928	0
335, 7844.802721072544	453.4190608439638	33.96756473857113	0
336, 7909.170290750333	465.3009818493132	64.3675696777891	0
337, 8013.769947218919	487.80237231909666	104.59965646858564	0
338, 8110.196620102899	431.91344565736625	96.42667288398025	0
339, 8203.98782648683	492.93588083615373	93.79120638393033	0
340, 8290.71099409707	533.8473380195576	86.72316761024013	0
341, 8381.771600678705	476.4019978009908	91.06060658163551	0
342, 8386.844817074036	477.59937896240694	5.073216395330746	0
343, 8592.690496785226	452.436477844736	205.84567971119031	0
344, 8723.914816057097	501.02739798444026	131.22431927187063	0
345, 8830.931133136575	516.9252965529347	107.01631707947854	0
346, 8863.708040243944	508.1727480175661	32.77690710736897	0
347, 8880.278855565111	530.1075694074435	16.570815321167174	0
348, 8982.284018354114	531.4288188432664	102.0051627890025	0
349, 9090.359902309678	509.6747217730294	108.07588395556377	0
350, 9097.9295891587	536.3390269102266	7.569686849023128	0
351, 9135.568360756963	526.8751813360868	37.63877159826188	0
352, 9043.64203737362	507.69534690136635	-91.9263233833426	0
353, 9086.706646346594	532.2233956734499	43.06460897297438	0
354, 9031.487667782358	524.5841115999951	-55.21897856423675	0
355, 9017.084713676588	551.590285149465	-14.402954105769822	0
356, 9017.24464649321	560.2911131296177	0.1599328166230407	0
357, 8943.877070473134	498.9566127956584	-73.36757602007674	0
358, 8797.643960982023	489.8542059094758	-146.23310949111146	0
359, 8814.884318523116	502.5460330654449	17.240357541093545	0
360, 8741.79425929571	473.09852677917434	-73.09005922740653	0
361, 8706.18338178889	526.8799684766046	-35.61087750682054	0
362, 8568.779593585143	495.6621013985405	-137.40378820374644	0
363, 8587.483028237126	436.3303630492372	18.703434651983116	0
364, 8432.40657341745	512.3160377033555	-155.07645481967666	0
365, 8358.30733985658	446.38174744866336	-74.09923356086983	0
366, 8276.99936307346	526.8165663623968	-81.30797678311865	0
367, 8187.4205656161375	454.2678585672831	-89.57879745732316	0
368, 8095.730240848258	426.6547921167286	-91.69032476787925	0
369, 7981.037000770394	434.35586117704946	-114.69324007786417	0
370, 7942.759971121973	416.6639299592095	-38.277029648421376	0
371, 7751.515972607267	475.5873279692668	-191.2439985147057	0
372, 7661.899986292127	424.5458396446859	-89.61598631513971	0
373, 7567.411231995978	455.25137704485473	-94.48875429614964	0
374, 7528.738536956902	414.25880068134677	-38.672695039075734	0
375, 7396.268991327485	427.83871694486675	-132.46954562941664	0
376, 7204.837197140706	410.1856853801546	-191.43179418677937	0
377, 7220.830597223738	414.7391334911456	15.993400083031702	0
378, 7183.177756872379	362.0256480365022	-37.65284035135846	0
379, 7025.227656512316	419.4972748589091	-157.95010036006352	0
380, 6972.57871528196	413.04490591080486	-52.648941230355376	0
381, 6847.882373912827	382.6350126972826	-124.69634136913373	0
382, 6907.785336300689	356.2742173894176	59.90296238786232	0
383, 6775.493286928914	366.449424622351	-132.29204937177474	0
384, 6752.600668490635	370.41705259247016	-22.892618438278987	0
385, 6670.9539043367595	367.5276582375626	-81.64676415387567	0
386, 6646.282834866809	361.301483619314	-24.671069469950453	0
387, 6546.017912883228	377.7383092067804	-100.26492198358119	0
388, 6486.894649898917	380.4147017128078	-59.12326298431071	0
389, 6555.052861110411	404.84561155486375	68.15821121149384	0
390, 6433.7397352681755	364.9352050992932	-121.31312584223542	0
391, 6406.952680701046	376.9897253585044	-26.787054567129417	0
392, 6413.454889144388	376.0998681315316	6.50220844334217	0
393, 6369.68393869679	357.12663661564955	-43.7709504475979	0
394, 6421.437656460884	401.2434790782067	51.75371776409338	0
395, 6395.665884262405	379.40367918565425	-25.771772198479084	0
396, 6377.751067015218	375.08996128949565	-17.914817247186875	0
397, 6405.860549160483	372.18845033286703	28.109482145265247	0
398, 6382.561417369098	325.03476539934286	-23.299131791384752	0
399, 6372.261775570577	378.2619061188289	-10.299641798521407	0
400, 6485.663693732753	366.97725205515275	113.40191816217612	0
401, 6429.901539238624	365.32393403744595	-55.76215449412939	0
402, 6518.616175760597	366.91612949161123	88.71463652197326	0
403, 6467.562982608051	348.04337348916783	-51.053193152545646	0
404, 6560.607792445169	364.05107522403864	93.04480983711801	0
405, 6610.61100105539	401.6801988562255	50.00320861022101	0
406, 6621.394175777587	406.6451977081742	10.783174722197145	0
407, 6702.5249747020835	377.4140368122168	81.13079892449605	0
408, 6797.7775660857515	394.0434722136372	95.252591383668	0
409, 6839.713805064301	383.814363772231	41.93623897854923	0
410, 6944.300257696318	381.50618040956977	104.58645263201743	0
411, 6843.873851831116	405.09283737092005	-100.42640586520247	0
412, 7083.657534984959	390.4828442308495	239.7836831538434	0
413, 7063.24310400924	442.3091513541786	-20.41443097571937	0
414, 7121.735572963629	372.4498202259095	58.49246895438955	0
415, 7200.394869125801	424.6723825977848	78.65929616217181	0
416, 7213.718512102704	419.65908725244594	13.323642976903102	0
417, 7246.581113824163	431.52078557576044	32.862601721459214	0
418, 7254.4972092469525	386.19690340301366	7.9160954227891125	0
419, 7379.585052554143	422.190470026235	125.08784330719027	0
420, 7398.949884654081	494.3717104788725	19.364832099938212	0
421, 7557.376039419326	435.98752523683584	158.42615476524497	0
422, 7629.942192102194	438.92775819110517	72.56615268286805	0
423, 7656.163018747187	466.63001400273197	26.220826644993394	0
424, 7756.079760961229	441.89948917456684	99.91674221404173	0
425, 7724.273649167048	459.2210699011742	-31.80611179418156	0
426, 7940.380307187754	449.2469671588413	216.10665802070616	0
427, 7930.930167653584	410.2514579356954	-9.450139534169466	0
428, 7973.631174207652	463.87281729842493	42.701006554068044	0
429, 7881.670721035998	496.8817800598888	-91.96045317165408	0
430, 8049.671085729145	465.96893004846584	168.00036469314637	0
431, 8042.329616548173	491.59871198915016	-7.341469180971217	0
432, 8142.859616586801	462.9158573350718	100.5300000386278	0
433, 8132.581039483178	499.22488021902944	-10.27857710362332	0
434, 8151.318315016575	414.4495429633269	18.737275533397224	0
435, 8127.259015438873	495.88681698043666	-24.059299577702404	0
436, 7956.493050612613	465.5377304560322	-170.76596482625973	0
437, 7936.643675860957	473.75880947600467	-19.849374751655887	0
438, 7893.201004185393	457.31056421752	-43.44267167556427	0
439, 7915.197778906912	498.12932544430504	21.996774721519614	0
440, 7904.592702913103	469.05577316689596	-10.605075993809805	0
441, 7885.037366704575	452.923978986956	-19.55533620852748	0
442, 7730.288427097334	455.6729730866646	-154.74893960724148	0
443, 7777.793746429851	457.8127952171531	47.5053193325175	0
444, 7732.346289028646	427.6541037290423	-45.4474574012047	0
445, 7505.157069010317	412.49640640164097	-227.18922001832925	0
446, 7523.735705767568	444.0916600693853	18.578636757250933	0
447, 7523.242109259594	421.0144084051955	-0.4935965079739617	0
448, 7445.314679627154	419.8485874767076	-77.92742963244018	0
449, 7462.37893913455	442.0376363841103	17.064259507395946	0
450, 7448.172518117886	437.55990995239455	-14.206421016663626	0
451, 7335.433663627632	417.15947652271603	-112.7388544902542	0
452, 7176.073742201726	411.6786876968743	-159.35992142590567	0
453, 7219.976740493654	430.79016031827376	43.90299829192736	0
454, 7242.417892042948	415.950658591983	22.441151549293863	0
455, 7150.502052659733	454.0647224017845	-91.91583938321492	0
456, 7109.61507944969	456.9761736908951	-40.886973210042925	0
457, 7194.101942275534	432.78727745854513	84.48686282584458	0
458, 7099.901470484335	413.7662258360547	-94.20047179119956	0
459, 7037.88682307934	420.61660108524194	-62.01464740499523	0
460, 6986.096139151554	358.0518992624055	-51.79068392778572	0
461, 6984.345119023196	424.223016206999	-1.7510201283575952	0
462, 6880.680097312116	394.856029770634	-103.66502171108004	0
463, 6874.001028094114	404.15199477840844	-6.6790692180020415	0
464, 6863.413496448911	370.8579322235078	-10.587531645202944	0
465, 6849.387813625058	376.9926238220062	-14.025682823853458	0
466, 6849.13237804076	385.6917928118476	-0.25543558429762925	0
467, 6848.421493354471	406.37174742949435	-0.7108846862893188	0
468, 6854.974417014382	371.41958290208356	6.552923659911357	0
469, 6847.481679204473	406.0090427284887	-7.492737809909158	0
470, 6844.286101514264	399.23612265865853	-3.1955776902086654	0
471, 6861.561869261211	381.36297411812416	17.275767746946258	0
472, 6821.4681465346275	438.04908862351664	-40.09372272658311	0
473, 6846.802325312939	375.7140563563014	25.33417877831107	0
474, 6880.8220768522315	410.10733080471886	34.01975153929288	0
475, 6846.769063102737	370.3233227827222	-34.05301374949431	0
476, 6925.661315462153	418.8401433941248	78.89225235941558	0
477, 7044.236558756563	389.73169578972437	118.57524329441003	0
478, 6961.860335546804	423.4545565436303	-82.37622320975879	0
479, 6960.687470792169	455.7837483205389	-1.1728647546351567	0
480, 7096.733332987003	403.8563601393621	136.04586219483463	0
481, 7128.235783366476	420.0918165166044	31.502450379472975	0
482, 7086.360162904684	448.14827782474964	-41.875620461792096	0
483, 7093.512348195033	396.05079538837606	7.152185290348825	0
484, 7101.207574611026	393.892462934734	7.695226415992693	0
485, 7078.784172441936	434.9876787484586	-22.423402169089968	0
486, 7156.487622447493	388.97851194988124	77.70345000555699	0
487, 7150.342477284842	415.97534253230583	-6.145145162650806	0
488, 7276.11145182655	390.33677313440165	125.7689745417083	0
489, 7320.627790886992	393.5421693263121	44.51633906044208	0
490, 7319.617481327003	399.0629023165007	-1.0103095599897642	0
491, 7286.507019494537	425.85307384058444	-33.11046183246526	0
492, 7377.617167581053	445.2089934440532	91.11014808651544	0
493, 7437.727913407274	434.71977954404827	60.11074582622132	0
494, 7440.701671096121	438.4428188692598	2.97375768884649	0
495, 7417.623647942415	443.0777309321469	-23.078023153705544	0
496, 7445.755989784546	469.14157968075284	28.1323418421307	0
497, 7436.4485145523495	440.2678096915355	-9.307475232196339	0
498, 7414.988515611095	424.7222388465075	-21.459998941254526	0
499, 7483.805865307173	418.38757250060826	68.81734969607805	0
500, 7539.259194318904	456.9996684349149	55.4533290117306	0
501, 7572.530384880525	413.6115338287403	33.27119056162155	0
502, 7649.862846640733	448.6174590333667	77.33246176020748	0
503, 7590.176843310796	451.7731152647248	-59.686003329936284	0
504, 7607.705748419466	437.6941010665401	17.528905108669278	0
505, 7546.634904526473	440.2577772551305	-61.07084389299234	0
506, 7584.311881379596	439.7548260381479	37.67697685312305	0
507, 7608.052477794834	455.28618640032306	23.740596415237633	0
508, 7601.916586575151	456.9744610673335	-6.13589121968289	0
509, 7612.233335428717	416.360284958038	10.316748853565514	0
510, 7610.124588250856	469.14045371705873	-2.108747177861005	0
511, 7622.862167384427	442.92605308141566	12.737579133571671	0
512, 7578.611105951256	422.58117519438935	-44.251061433171344	0
513, 7434.422825235462	424.55478431917265	-144.18828071579355	0
514, 7433.045842722459	423.9465051860247	-1.3769825130029858	0
515, 7440.352991702011	436.9797675534348	7.307148979552039	0
516, 7298.3475579148235	397.69561773634024	-142.00543378718794	0
517, 7316.308759365308	417.1680484918066	17.961201450484623	0
518, 7256.192994563687	436.7803888417337	-60.11576480162148	0
519, 7193.679129797438	412.9522609257431	-62.513864766248844	0
520, 7141.457416240321	427.84136516918346	-52.221713557116345	0
521, 7205.602675907788	428.9206945551814	64.14525966746623	0
522, 7201.6004740421295	414.3142577258956	-4.002201865658208	0
523, 7151.528416069039	426.95176127480863	-50.07205797309052	0
524, 7066.286623207059	417.75550392222914	-85.24179286197977	0
525, 7119.932715210117	396.39516239580684	53.646092003057674	0
526, 7076.862399273647	423.24424250465404	-43.07031593647025	0
527, 7120.249851642839	440.2082406720572	43.38745236919203	0
528, 7039.019467982562	422.4850001597925	-81.23038366027686	0
529, 7136.27265816346	393.99226193979456	97.25319018089795	0
530, 7088.942906928875	447.64170304392275	-47.329751234584364	0
531, 7048.35892887037	394.50888732416104	-40.583978058505636	0
532, 7103.92659952464	423.462629309346	55.56767065426993	0
533, 7109.438658512704	397.3510644028986	5.512058988064382	0
534, 7132.604747971675	384.3048753054658	23.166089458971328	0
535, 7178.863146239991	427.47224447827364	46.25839826831543	0
536, 7222.421264886283	405.09862901157663	43.558118646292314	0
537, 7211.428027595509	405.36145907463055	-10.993237290774232	0
538, 7230.739246800014	429.6035079285856	19.311219204505505	0
539, 7424.58886437759	483.2434811367027	193.84961757757537	0
540, 7503.517896772289	408.6848164977385	78.92903239469888	0
541, 7369.19634844988	419.64400560360275	-134.3215483224085	0
542, 7395.4666169473585	406.82492417037435	26.270268497478355	0
543, 7410.032577469849	439.4681497270711	14.565960522490059	0
544, 7459.244171579187	434.7536697394405	49.211594109338876	0
545, 7556.471319588852	407.56295354952425	97.22714800966423	0
546, 7611.764989368841	444.0640766149642	55.293669779989614	0
547, 7630.85207213919	476.0194233893895	19.08708277034839	0
548, 7604.002730858698	427.19708553984754	-26.8493412804919	0
549, 7688.641082402173	434.0370469776504	84.63835154347544	0
550, 7793.890538961401	460.84550285565194	105.24945655922784	0
551, 7755.643641823723	432.1869066537391	-38.24689713767839	0
552, 7710.380969089796	438.5052666700055	-45.26267273392659	0
553, 7772.4916473724	442.2680759894495	62.11067828260366	0
554, 7832.671406018417	491.99385546364516	60.179758646017035	0
555, 7801.527178426026	447.54027506860194	-31.144227592390962	0
556, 7803.478802177022	470.28923752298635	1.9516237509960774	0
557, 7840.547314388147	466.72978191578244	37.06851221112538	0
558, 7841.17060975719	468.369174205155	0.6232953690423528	0
559, 7846.317457274969	458.93906989263314	5.146847517778951	0
560, 7896.333254529845	448.83282146553734	50.015797254876816	0
561, 7893.881795012166	498.388148241018	-2.451459517679723	0
562, 7813.2412503360065	443.1640606385633	-80.64054467615915	0
563, 7931.303365993823	442.12770818848895	118.06211565781632	0
564, 7949.608417149904	454.776233971185	18.30505115608139	0
565, 7770.204289513112	458.28325724081776	-179.4041276367925	0
566, 7830.930739022649	494.48150943016304	60.726449509536906	0
567, 7806.918928423199	457.27776930377985	-24.011810599449745	0
568, 7809.7120959660015	462.9837970629938	2.793167542802621	0
569, 7854.382940122141	456.02934612162784	44.67084415613954	0
570, 7790.190774169122	456.4969881343417	-64.19216595301896	0
571, 7727.619829365996	446.0423041868141	-62.57094480312571	0
572, 7739.830614351194	470.9915312247833	12.210784985197279	0
573, 7802.531161080407	463.9579165128293	62.700546729213784	0
574, 7670.5826769229025	467.05416843990605	-131.94848415750494	0
575, 7726.341051249463	482.92075852326366	55.75837432656044	0
576, 7754.181015830733	487.0839299031411	27.83996458126967	0
577, 7659.487660679982	440.9042820991366	-94.6933551507509	0
578, 7714.763722614764	419.6651503427597	55.276061934782774	0
579, 7773.816404336858	476.65666360218836	59.05268172209344	0
580, 7710.964328056686	442.0070802528851	-62.85207628017179	0
581, 7747.718535067514	461.1433677617301	36.754207010827486	0
582, 7774.430439922722	437.8637300666359	26.71190485520856	0
583, 7757.833709795426	461.0920819058929	-16.596730127295814	0
584, 7763.995025919114	453.62560993228294	6.161316123687357	0
585, 7858.180144834532	455.61002606517343	94.18511891541857	0
586, 7859.269128667275	442.9443380429638	1.088983832742997	0
587, 7795.436933377624	429.4840336352541	-63.83219528965128	0
588, 7868.429745489261	456.8593101588817	72.99281211163725	0
589, 7914.834056317425	460.8755735715349	46.40431082816394	0
590, 8024.560808265562	458.93423540519245	109.72675194813655	0
591, 8001.192365409458	436.84020194019814	-23.368442856103684	0
592, 8125.232572844521	424.2560121035018	124.04020743506317	0
593, 8166.317776735951	473.2166385915844	41.085203891429956	0
594, 8248.656773886554	448.35496502955084	82.33899715060306	0
595, 8360.337949542856	493.4381829499156	111.681175656302	0
596, 8423.30363368398	492.1646537564097	62.96568414112335	0
597, 8516.936999157238	503.43199458658984	93.63336547325889	0
598, 8575.917311055871	480.88233497502034	58.98031189863286	0
599, 8713.66501926642	492.95062567223937	137.7477082105488	0
600, 8644.672493330763	472.5863256951597	-68.99252593565689	0
601, 8782.047179424762	506.89136190445936	137.37468609399912	0
602, 8800.906119000947	545.22149384631	18.85893957618464	0
603, 8764.402584857666	506.9558382381216	-36.503534143281286	0
604, 8796.997420324384	524.5124460618708	32.594835466717996	0
605, 8934.325190753842	519.1901931976081	137.32777042945781	0
606, 8888.77099471859	509.9623797510266	-45.55419603525115	0
607, 8864.806275894565	522.7589526574347	-23.964718824025113	0
608, 9004.47648364084	511.5779630544082	139.67020774627417	0
609, 9068.155392637951	544.5648435706738	63.67890899711165	0
610, 9064.187852915848	510.50549525315023	-3.9675397221035382	0
611, 8978.998927305489	537.0458282847238	-85.18892561035864	0
612, 9020.34443461622	565.7572185447764	41.34550731073068	0
613, 8878.832129257697	476.5050744093967	-141.512305358523	0
614, 8816.343820451684	486.9445097426141	-62.488308806012355	0
615, 8837.565750094194	521.8902686847422	21.221929642510077	0
616, 8846.079455420235	496.77253099194655	8.513705326040508	0
617, 8718.052249033015	472.08575073552305	-128.02720638721985	0
618, 8632.604894942813	514.6751762362192	-85.44735409020177	0
619, 8554.055073525062	489.0650481678426	-78.54982141775145	0
620, 8457.563883634313	500.95618589229167	-96.4911898907485	0
621, 8338.788501355415	530.4801725049684	-118.77538227889818	0
622, 8362.708603622887	461.9460713742139	23.92010226747152	0
623, 8244.458007705514	467.8440750071152	-118.25059591737227	0
624, 8134.135521557913	524.1744654458817	-110.32248614760101	0
625, 8038.9218365082215	452.74559788318385	-95.21368504969178	0
626, 7965.732941336913	466.6554383865123	-73.1888951713081	0
627, 7811.87753881879	440.22026579965177	-153.8554025181238	0
628, 7797.883853819656	425.4688139213569	-13.99368499913362	0
629, 7727.474821607225	445.2044551734911	-70.40903221243116	0
630, 7671.44567173165	448.70133164248904	-56.02914987557506	0
631, 7638.89174549787	465.6704595261593	-32.55392623377975	0
632, 7510.8163324833895	411.77023192188784	-128.07541301448055	0
633, 7407.647719848787	445.57112791148916	-103.16861263460214	0
634, 7391.3133354144275	406.41000061583367	-16.33438443435989	0
635, 7216.7737551202845	431.95034359952297	-174.53958029414298	0
636, 7245.0464438853405	382.17195297377873	28.272688765056046	0
637, 7109.7457586958935	437.345633362766	-135.300685189447	0
638, 7093.88516804189	407.0185606101473	-15.860590654003317	0
639, 7088.900160542255	377.63658659820334	-4.985007499634776	0
640, 6970.742191205197	424.3467778841129	-118.1579693370586	0
641, 6958.698960667306	403.73551040950326	-12.04323053789085	0
642, 6921.580250205854	408.26790884487775	-37.11871046145188	0
643, 6848.812830532736	408.53787204131004	-72.76741967311773	0
644, 6846.864414708376	396.7350477586421	-1.9484158243603815	0
645, 6795.287118190039	426.43388645118915	-51.57729651833688	0
646, 6754.837062979865	378.34751875781586	-40.45005521017447	0
647, 6744.974828471663	398.3145351179818	-9.862234508201254	0
648, 6729.542971858881	392.05006499523535	-15.431856612782212	0
649, 6746.930365910927	388.04282713610803	17.387394052046147	0
650, 6720.544542411511	392.41584888273894	-26.385823499415892	0
651, 6717.470741121509	388.10456102736526	-3.073801290002848	0
652, 6724.131221765115	416.38199759341944	6.660480643606206	0
653, 6872.524708860027	388.0808075402212	148.39348709491242	0
654, 6878.393885916476	408.16122055370965	5.869177056449189	0
655, 6870.840660890233	401.634068587024	-7.553225026243126	0
656, 6944.016983883716	389.3752760875215	73.17632299348315	0
657, 6948.838834570217	427.6119084652964	4.821850686500511	0
658, 6978.906902412785	414.0191677868007	30.06806784256787	0
659, 7067.37022937287	424.2495997539182	88.4633269600854	0
660, 7123.855552129588	439.9429621102528	56.48532275671823	0
661, 7143.796262749777	421.4341792391827	19.940710620188838	0
662, 7268.552833144554	391.53954086433237	124.75657039477665	0
663, 7323.3334337859105	413.8814070333543	54.780600641356614	0
664, 7455.655381147391	454.52247014325235	132.32194736148085	0
665, 7443.770586802308	447.21533716155915	-11.88479434508372	0
666, 7539.01787268372	459.7848880140612	95.24728588141261	0
667, 7633.983006943236	428.4081446092353	94.96513425951616	0
668, 7689.492640148166	445.8059201398595	55.50963320492974	0
669, 7773.160255510676	470.27661648796334	83.66761536250942	0
670, 7876.9241059279	462.9205622796406	103.7638504172246	0
671, 7997.99020786451	503.85307026998976	121.06610193660981	0
672, 8034.153962074712	444.97674612895275	36.16375421020166	0
673, 8102.762157997265	467.9586885928658	68.60819592255302	0
674, 8126.279475781522	418.78627396031897	23.517317784257102	0
675, 8154.89966307373	486.0781886466384	28.620187292208357	0
676, 8218.298758328398	464.66524934991315	63.39909525466737	0
677, 8145.8641131928425	467.6823991762147	-72.434645135555	0
678, 8258.29115313605	469.4335290736082	112.42703994320709	0
679, 8403.281637465001	430.0779885819167	144.99048432895142	0
680, 8446.323591786977	486.7488398734669	43.041954321975936	0
681, 8316.41932012912	455.92262814729	-129.90427165785695	0
682, 8234.862002583992	431.6133037517208	-81.55731754512817	0
683, 8296.285328395452	482.0987352325318	61.42332581146002	0
684, 8357.559748426589	468.35752482117095	61.2744200311372	0
685, 8201.197251388132	501.9895429051533	-156.36249703845715	0
686, 8226.511880443903	484.1144099691962	25.314629055770638	0
687, 8091.6757209857315	404.2880673513672	-134.8361594581711	0
688, 8151.165496183139	445.18440516233284	59.48977519740765	0
689, 8119.342324863095	448.88241912302135	-31.82317132004391	0
690, 8150.742228446694	471.7291522081376	31.399903583598643	0
691, 7988.947019350893	461.94257206860453	-161.7952090958006	0
692, 8093.69965763049	452.3507906331885	104.7526382795968	0
693, 8069.883892471708	450.8002628862605	-23.815765158781687	0
694, 8002.103220863146	474.9898747775478	-67.78067160856244	0
695, 7944.5811742980795	476.64980920439876	-57.522046565066375	0
696, 7870.086078921549	457.4953834792017	-74.49509537653012	0
697, 7939.7529599178715	467.0153561922575	69.6668809963221	0
698, 7866.86275134677	432.90142048479635	-72.89020857110154	0
699, 7824.519367232771	421.94864804955404	-42.34338411399858	0
700, 7755.572643803827	461.3731381314242	-68.9467234289441	0
701, 7797.0116427673875	419.32629699944385	41.43899896356015	0
702, 7774.980339471566	449.0589950213063	-22.03130329582109	0
703, 7739.245449565984	468.9655368957666	-35.73488990558235	0
704, 7730.894563731644	412.61721501566393	-8.35088583434026	0
705, 7816.783410872343	455.4815700999542	85.888847140699	0
706, 7849.267598311477	443.4336266019226	32.484187439134075	0
707, 7899.23880602271	476.1713119910856	49.971207711233546	0
708, 7947.732498762197	454.0124112479596	48.493692739486505	0
709, 8064.813974980332	429.4915105686098	117.08147621813532	0
710, 8053.216515285181	447.03180747579154	-11.597459695150974	0
711, 8168.735050542127	505.12798272954285	115.51853525694605	0
712, 8260.229249105701	463.45495710393635	91.49419856357417	0
713, 8390.322303211684	525.26165367684	130.09305410598245	0
714, 8441.555963422446	487.45934330147423	51.23366021076254	0
715, 8601.979106972532	499.6218171908937	160.42314355008602	0
716, 8728.42142112276	503.4013819785193	126.44231415022841	0
717, 8806.297898423825	519.2948621261655	77.87647730106437	0
718, 8832.90901269065	482.2286363757706	26.611114266825098	0
719, 9110.897352497132	490.02821370467217	277.98833980648124	0
720, 9039.59373024469	498.58647867420234	-71.30362225244244	0
721, 9111.299955641658	545.4406936619771	71.70622539696888	0
722, 9208.6846209474	581.016240332887	97.3846653057426	0
723, 9271.15580651318	518.3169366837412	62.471185565778796	0
724, 9232.32442863605	485.28741890545115	-38.83137787712985	0
725, 9219.462667592037	519.8977027780178	-12.861761044012383	0
726, 9216.14649253694	571.7074166843079	-3.316175055097119	0
727, 9200.869803650954	574.2357794624411	-15.276688885986005	0
728, 9129.136805999642	524.4293137982718	-71.73299765131196	0
729, 9113.371655294457	505.0700493571623	-15.765150705185079	0
730, 9170.91937509407	560.3674070495547	57.54771979961333	0
731, 8951.76560242426	513.3507143484296	-219.15377266980977	0
732, 8841.827642009917	504.64209286964615	-109.93796041434325	0
733, 8870.667493219504	497.1589652960243	28.839851209586413	0
734, 8757.28928653793	510.64887869027524	-113.37820668157292	0
735, 8437.96123119415	466.82704168054335	-319.32805534378167	0
736, 8481.211083477438	528.314797862767	43.24985228328842	0
737, 8503.726134064293	520.4356577215655	22.515050586855068	0
738, 8268.629689319847	497.6659633149326	-235.09644474444576	0
739, 8278.08879769346	448.03405729311805	9.459108373612253	0
740, 8182.841967646246	493.7566204903244	-95.24683004721282	0
741, 8023.177071454631	476.8065450966191	-159.6648961916153	0
742, 7894.619459762149	438.0926626027327	-128.55761169248217	0
743, 7922.080345236995	448.38365131563984	27.46088547484578	0
744, 7722.354748187706	429.4529253967131	-199.7255970492888	0
745, 7715.9499212465535	464.24920087620353	-6.404826941152351	0
746, 7693.706410037518	427.9783091769534	-22.243511209035205	0
747, 7480.177935797564	431.5182700421087	-213.52847423995445	0
748, 7507.917518841207	414.0014414400592	27.739583043643506	0
749, 7471.250499585162	416.9733720362394	-36.66701925604502	0
750, 7376.242888912034	406.5128342022866	-95.00761067312851	0
751, 7241.678498528373	423.8893362009269	-134.5643903836608	0
752, 7266.876016535759	412.20406907721036	25.197518007385952	0
753, 7226.970196131919	430.955112956973	-39.90582040384015	0
754, 7128.703542323698	411.6598211308338	-98.26665380822124	0
755, 7064.438932048366	407.21853100147814	-64.2646102753315	0
756, 7028.508950744022	401.160827051143	-35.92998130434444	0
757, 6992.285591674488	407.42780498750716	-36.22335906953322	0
758, 6927.713513513469	404.9066814825575	-64.57207816101982	0
759, 6961.086062286373	386.7878581510013	33.37254877290434	0
760, 6970.387460068575	383.50708530726894	9.301397782202002	0
761, 6975.4237894517055	380.14002691440453	5.036329383130578	0
762, 7025.1468918591045	423.0296048369582	49.72310240739898	0
763, 6956.621410330831	424.6705123740167	-68.5254815282733	0
764, 7099.998806123739	391.33066948016557	143.37739579290792	0
765, 7031.777171092478	415.49380721858904	-68.22163503126103	0
766, 7064.214375838758	370.5657217180604	32.43720474628026	0
767, 7111.671010799349	418.5845192660735	47.456634960590236	0
768, 7171.028965039249	430.94897275515746	59.35795423990021	0
769, 7273.940588643442	398.89961022203244	102.91162360419366	0
770, 7237.889069216917	418.2692738021602	-36.051519426525374	0
771, 7336.723020693021	428.5525767552214	98.83395147610372	0
772, 7462.725812766509	413.432828780263	126.00279207348831	0
773, 7468.685019221371	441.2083823558567	5.959206454861487	0
774, 7494.76049418403	441.22612678040537	26.075474962659428	0
775, 7654.404647603616	414.73934672559307	159.64415341958556	0
776, 7640.886341138971	436.380546243124	-13.51830646464441	0
777, 7721.3786360155955	452.9978464981066	80.49229487662433	0
778, 7840.223238550511	474.87234179822866	118.8446025349158	0
779, 7897.322152439551	451.6123112545394	57.09891388903998	0
780, 7845.474883594333	412.1497069340007	-51.84726884521842	0
781, 7810.283120575128	465.6681290120511	-35.1917630192047	0
782, 8082.7293545685625	477.2007336976233	272.44623399343436	0
783, 8153.252301027841	462.8331499254249	70.5229464592785	0
784, 8093.027893525279	426.94967535624596	-60.22440750256192	0
785, 7925.593603006797	518.1681719138949	-167.43429051848216	0
786, 7892.8760558656495	449.3937902908057	-32.717547141147406	0
787, 7886.665307586571	486.8528313607771	-6.210748279078871	0
788, 7862.188803309757	395.96565017313867	-24.476504276814012	0
789, 7831.462461513496	426.06959192044224	-30.726341796260385	0
790, 7772.934322174968	433.9968541455017	-58.52813933852849	0
791, 7838.858577703254	459.96664610771063	65.92425552828627	0
792, 7609.925214879093	423.31133125476526	-228.93336282416112	0
793, 7508.682580947548	426.0679768350668	-101.24263393154524	0
794, 7486.630190265299	389.6082260222818	-22.052390682249097	0
795, 7538.058274818021	399.9709404334905	51.428084552722794	0
796, 7544.330370395479	403.89520403709156	6.272095577457549	0
797, 7550.716863089611	413.6616452727979	6.386492694132357	0
798, 7517.676237587127	389.62693358144094	-33.040625502484545	0
799, 7502.503966506787	469.66460841934344	-15.17227108033967	0
800, 7555.678058552167	401.7600336935342	53.17409204538035	0
801, 7523.656474473258	441.90720196422535	-32.021584078909655	0
802, 7417.544158803408	415.64420477882413	-106.11231566984952	0
803, 7342.74176140584	430.80195907892033	-74.8023973975678	0
804, 7284.941716362369	375.6265230419669	-57.80004504347107	0
805, 7293.293663718735	400.49001753532764	8.3519473563656	0
806, 7238.062033446259	450.0378330381475	-55.23163027247574	0
807, 7322.720301132867	430.35534889253245	84.65826768660736	0
808, 7205.258167619828	449.1933095398724	-117.46213351303868	0
809, 7224.641759167426	408.00873315500246	19.38359154759837	0
810, 7212.7258175955085	429.4224154519712	-11.915941571917756	0
811, 7199.349342566849	409.1571574811952	-13.376475028659115	0
812, 7217.098319222116	403.8869085924006	17.748976655266233	0
813, 7183.738942054272	417.57347472699297	-33.35937716784338	0
814, 7383.73799284229	435.4532128964304	199.99905078801748	0
815, 7465.758491678001	445.2584245668863	82.0204988357109	0
816, 7422.775796773392	426.494400893517	-42.98269490460825	0
817, 7394.855866298438	400.3503051358978	-27.919930474954526	0
818, 7339.337225490862	432.6468096154253	-55.51864080757605	0
819, 7332.069168329984	402.6238152601719	-7.268057160878016	0
820, 7301.291935623673	440.1630652893744	-30.777232706310315	0
821, 7323.109740683298	385.7290457868243	21.817805059624334	0
822, 7216.259698522869	430.4406002683129	-106.85004216042853	0
823, 7254.715721951125	422.9231987918367	38.45602342825532	0
824, 7394.225388813068	421.14712693262857	139.50966686194351	0
825, 7426.874493653267	438.2256652339532	32.64910484019856	0
826, 7402.4310031936175	427.17580323946845	-24.443490459649183	0
827, 7406.19737413775	379.9124421870874	3.766370944132177	0
828, 7345.977457277365	415.36326589866576	-60.21991686038473	0
829, 7270.673404929207	431.98453736611157	-75.30405234815771	0
830, 7566.91401047378	440.7372399312405	296.24060554457265	0
831, 7415.758806041186	425.4748045127273	-151.15520443259356	0
832, 7461.256529070614	465.5025117858828	45.497723029428016	0
833, 7368.594908470388	394.23301428684454	-92.66162060022634	0
834, 7389.642406856533	440.48333566426663	21.04749838614498	0
835, 7359.788719240829	415.5705378186211	-29.853687615704075	0
836, 7293.827682207418	441.23142657497345	-65.96103703341123	0
837, 7261.609622206285	420.798457320532	-32.21806000113247	0
838, 7543.384353129203	417.4348756412353	281.774730922918	0
839, 7648.842764962177	446.50149875294227	105.45841183297398	0
840, 7681.837603152014	380.8523835048791	32.99483818983663	0
841, 7681.635779954485	459.4748256813726	-0.20182319752893818	0
842, 7749.756131040957	438.161739704524	68.12035108647251	0
843, 7779.701227874575	466.8064990000972	29.945096833617754	0
844, 7808.271917806912	466.5772930150197	28.57068993233679	0
845, 7942.284206138868	481.4794546769723	134.01228833195637	0
846, 7901.99388325081	456.3620537272908	-40.290322888058654	0
847, 8042.479958929106	470.9353047514795	140.4860756782964	0
848, 7849.302097072863	447.8173480443399	-193.177861856243	0
849, 7801.525241100669	437.8174086055839	-47.776855972194426	0
850, 7817.452039132955	449.22085508049975	15.92679803228657	0
851, 7780.021624194495	426.670523859501	-37.43041493845976	0
852, 7805.531934529128	423.5861076120441	25.510310334632777	0
853, 7890.653104900433	407.47758234532	85.1211703713052	0
854, 7866.968964277115	445.20500678941846	-23.684140623317944	0
855, 7623.147220774491	424.6324133687818	-243.82174350262449	0
856, 7564.230234742027	454.56535130828803	-58.91698603246368	0
857, 7684.81168906602	422.32046513716267	120.58145432399306	0
858, 7669.989646158698	409.970222638788	-14.822042907322611	0
859, 7656.436525202112	469.8567841861146	-13.553120956586099	0
860, 7653.075429618695	433.50422294011236	-3.3610955834164997	0
861, 7525.485515489	436.47669967641804	-127.58991412969499	0
862, 7502.044820616177	431.2656236285162	-23.44069487282286	0
863, 7474.211450707904	436.98954295689725	-27.8333699082732	0
864, 7449.111233936299	430.45104946541625	-25.10021677160512	0
865, 7473.129529296525	454.9022420386969	24.018295360226148	0
866, 7285.356113689172	410.1892021855672	-187.77341560735294	0
867, 7312.1407639426425	426.3223102325057	26.784650253470318	0
868, 7316.548806948777	413.2098043407915	4.408043006134903	0
869, 7309.58691223676	402.773734602083	-6.961894712017056	0
870, 7261.926492619703	416.85018696855167	-47.660419617057414	0
871, 7254.740597687535	432.92865888428	-7.185894932167685	0
872, 7239.1414810195565	412.0811959618898	-15.599116667978706	0
873, 7276.624059342405	395.9053250417357	37.482578322848894	0
874, 7351.454253471807	432.2891346069877	74.8301941294012	0
875, 7248.73294316288	443.2501108282685	-102.72131030892706	0
876, 7328.728318089152	410.82830314547874	79.99537492627223	0
877, 7395.353787833021	427.6814015648626	66.62546974386896	0
878, 7407.248268373622	467.6780340932561	11.894480540600853	0
879, 7329.67775567315	440.6589428689449	-77.57051270047123	0
880, 7344.27766628579	395.94386583542627	14.599910612639178	0
881, 7365.7851241147555	414.2152731796202	21.507457828965926	0
882, 7334.1704574729765	439.0691568517176	-31.614666641778967	0
883, 7401.092389633713	370.4735545960961	66.9219321607361	0
884, 7355.100571508477	409.90566835012237	-45.99181812523602	0
885, 7378.991573205465	437.6093873800326	23.891001696988496	0
886, 7297.6124532761905	419.9302648334701	-81.37911992927457	0
887, 7387.806395817571	476.2448502414905	90.19394254138024	0
888, 7585.495477362326	415.6622341251896	197.68908154475503	0
889, 7605.875070457233	442.4653859894855	20.37959309490725	0
890, 7609.4930458677545	424.3415218896351	3.617975410521467	0
891, 7635.779426655037	418.4015887550385	26.286380787282724	0
892, 7559.552511267383	452.4048893402768	-76.22691538765412	0
893, 7628.673536505466	441.6857253079697	69.12102523808244	0
894, 7566.128370410526	436.45333597569186	-62.545166094939304	0
895, 7768.842422445777	457.0423888983215	202.71405203525046	0
896, 7677.024655971101	406.8537543285365	-91.81776647467541	0
897, 7729.161221266507	424.59731879631676	52.13656529540549	0
898, 7666.7424422411505	444.4022492920949	-62.41877902535634	0
899, 7674.223062052425	444.29113513264195	7.480619811274664	0
900, 7730.619727148814	412.4179518078077	56.39666509638846	0
901, 7593.399718977004	431.26335181275977	-137.22000817180924	0
902, 7450.769337426907	441.1067108856044	-142.6303815500969	0
903, 7437.5044594104775	413.3071019756497	-13.264878016429975	0
904, 7465.945482703295	442.8983296799565	28.44102329281759	0
905, 7511.499095835506	423.5648793100139	45.55361313221056	0
906, 7553.592760743889	431.1981403851955	42.09366490838329	0
907, 7400.273208175905	429.3896605705568	-153.31955256798392	0
908, 7472.511942207229	461.2937683392124	72.23873403132438	0
909, 7511.989153308399	439.3364404929602	39.477211101169814	0
910, 7534.630082540026	436.0325122663934	22.640929231626615	0
911, 7534.221658016544	406.8516507158946	-0.408424523481699	0
912, 7493.690936518915	465.0857351573364	-40.5307214976292	0
913, 7547.549261276694	393.8373009796219	53.85832475777897	0
914, 7503.272599727814	393.336243662205	-44.27666154887993	0
915, 7379.634060405843	467.2175650749183	-123.63853932197071	0
916, 7357.275945298657	392.0406473044811	-22.358115107186677	0
917, 7429.2354800732965	403.0168262210451	71.9595347746399	0
918, 7424.483392492118	387.1717799601849	-4.752087581178785	0
919, 7456.234596788396	420.9953173570654	31.751204296278047	0
920, 7460.651510122047	446.60139826240635	4.416913333650882	0
921, 7421.929524242106	413.2871837411655	-38.7219858799408	0
922, 7411.830298085853	443.0146011327934	-10.09922615625237	0
923, 7494.236411105047	432.71550416271896	82.40611301919398	0
924, 7511.12501038649	436.4851252955271	16.88859928144302	0
925, 7491.548105173772	453.6304561751738	-19.576905212718884	0
926, 7525.455902112404	446.3676754168997	33.9077969386326	0
927, 7499.53633246395	456.5467730493817	-25.919569648453944	0
928, 7507.897764944917	394.4643710170134	8.361432480966869	0
929, 7590.30324386643	426.37324943825314	82.40547892151335	0
930, 7597.530324304553	433.6877393114632	7.227080438122357	0
931, 7620.19692627817	463.64002059114597	22.666601973617617	0
932, 7648.33496270984	416.9551539873543	28.138036431669207	0
933, 7537.468876718406	462.9874476881032	-110.86608599143347	0
934, 7506.869718708337	438.85324256457875	-30.599158010069004	0
935, 7552.06220651478	406.6754348851661	45.19248780644284	0
936, 7548.248730465219	425.59754677610454	-3.813476049561359	0
937, 7627.74612722019	445.0054957623224	79.4973967549713	0
938, 7662.7295612123435	429.7392405095835	34.98343399215355	0
939, 7569.353134125883	431.21143076694455	-93.37642708646035	0
940, 7612.026493198767	431.8096682430274	42.67335907288361	0
941, 7657.360853590214	462.09001544197037	45.33436039144726	0
942, 7672.851235589066	442.42837699967583	15.490381998852172	0
943, 7555.177147955201	422.70448421710535	-117.67408763386538	0
944, 7676.466554352316	436.6279732695924	121.28940639711527	0
945, 7695.567867580972	404.45276224565066	19.10131322865618	0
946, 7716.888534752183	460.43911802749204	21.320667171210516	0
947, 7782.920325545672	487.777686573929	66.03179079348956	0
