1, 6361.313015650448	353.49971665867935
2, 6436.695138916923	362.41775236241244
3, 6567.320157430489	346.11296370678235
4, 6866.138474568073	389.3356699759061
5, 7059.680318352992	429.9194291457132
6, 7170.351972518986	420.39332440957713
7, 7524.5660959917195	402.77180426814976
8, 7822.055256266773	452.8988632640308
9, 8180.471518650934	461.0930389930014
10, 8544.225794046479	493.21077768540704
11, 8934.864671612082	543.1872336304873
12, 9360.037956828412	524.4338879049745
13, 9751.780515464978	553.4465301969793
14, 10187.015278884826	618.536807993832
15, 10442.000059387943	597.9537121952657
16, 10953.207984288338	711.4872575539187
17, 11024.65341367849	675.2704745948653
18, 11535.308553852636	652.0227706160218
19, 11534.07732983551	690.2346429185533
20, 11492.750039025837	691.0250360340926
21, 11482.470604120204	647.9712459286274
22, 11067.100827381017	643.4158927818685
23, 10963.919493533725	665.1309795612749
24, 10696.725186333952	638.2845126087517
25, 10475.767277826402	583.2155252888115
26, 9931.496385993683	580.5117403524748
27, 9662.579479748569	591.0530462244565
28, 9381.191381813422	553.4798387540969
29, 9034.29478284889	541.850901439034
30, 8725.279260918325	522.4659034558534
31, 8393.813120413794	530.6451546548471
32, 8165.651276708869	468.96667859883775
33, 7857.290147720687	461.2279275764358
34, 7557.934860580919	375.38206071089184
35, 7286.55160192693	436.6501065833438
36, 7037.6927080718715	428.2266759375918
37, 6796.140963300023	423.94269518918964
38, 6622.814207019501	391.49231454095207
39, 6479.710193764253	409.88760075683444
40, 6320.064194834609	385.2959077854718
41, 6194.868849800882	362.09156678527233
42, 6139.348239651369	348.43217197245684
43, 6081.6395737392695	338.84104356498705
44, 5966.533547682562	332.5964476628885
45, 5931.918794423254	345.6739633018344
46, 5999.139230075127	382.12356392784693
47, 5839.6924865750125	326.7985742242606
48, 5818.275121682505	314.3704930475698
49, 5788.160366817331	339.27237537847657
50, 5750.242845442922	359.9434866567772
51, 5803.0853947996775	336.9750926909393
52, 5891.638150197663	321.85427568057236
53, 5887.326091359766	328.4275424045333
54, 5861.847614091714	360.7827922721858
55, 5978.013625076083	351.77315093436295
56, 5996.514691238758	345.58306947419896
57, 6132.57161277892	348.74857428978396
58, 6172.548078299183	383.8992807381727
59, 6254.866453119307	362.6091686276484
60, 6387.8582949074635	366.99050366011625
61, 6507.795164022904	382.5786538332998
62, 6628.5809299488965	394.4491167763139
63, 6815.121837787494	388.673680763461
64, 6953.92588092318	386.1554977964688
65, 7200.387516707935	403.5618292846426
66, 7422.278662330471	430.1808467361003
67, 7738.005945700898	459.3641045344643
68, 7946.627060500431	438.93217221350704
69, 8341.838125607263	485.17073318587927
70, 8562.074952663714	507.0604655921414
71, 8678.196027635291	507.24684483879764
72, 8963.339284085523	516.9242821443363
73, 9039.672114664212	516.0416683301318
74, 9005.38377899651	550.9745753172639
75, 9085.28599229223	518.3200277867969
76, 9259.792350478616	516.8801457281522
77, 9034.825183845182	526.6725151808166
78, 9049.358847199626	477.578223135336
79, 9063.75081362675	578.5406984431436
80, 8857.61625173622	544.0261880452144
81, 8636.465642758238	463.8741339092622
82, 8541.096201700635	518.850408938051
83, 8347.437180978211	492.80842727939194
84, 8112.792477812545	495.50054631239914
85, 7923.846190291877	447.01276860849094
86, 7769.604796296411	440.5892182779795
87, 7554.142012560106	452.1707007055409
88, 7390.754293741495	415.59701137804484
89, 7236.143185513439	419.9365486201454
90, 7027.512591209336	410.155834217295
91, 6872.960512084089	413.7655404306124
92, 6772.342971097292	382.99942640589774
93, 6817.629511460718	427.3740518468484
94, 6587.677910612786	371.2321817047771
95, 6552.549890337708	390.68111813138273
96, 6584.959084543314	356.8007433176689
97, 6550.655863265889	382.52682583644025
98, 6536.219206958756	374.73156379330635
99, 6483.73344640306	370.25365490103513
100, 6441.5874037122485	351.2518416824415
101, 6483.6856268765505	388.9741797843688
102, 6484.861667989288	345.9199610454495
103, 6561.755980445488	362.96442097891867
104, 6665.758953450817	371.72698150609966
105, 6794.508419008043	415.3115700916737
106, 6781.69160419603	403.5689783410973
107, 6908.657994424831	361.5432441903255
108, 6941.760839729795	397.1148643502552
109, 7133.470817557092	437.33616605730913
110, 7199.800698745436	419.3530022193399
111, 7358.140463486012	464.7455303568247
112, 7418.881338395455	454.2456903164222
113, 7604.8129885406715	455.1616588597805
114, 7727.274228359664	431.6381657153499
115, 7830.73559557832	459.8013296500443
116, 7989.87277489452	453.1229008415749
117, 8056.230318660601	412.04635957642455
118, 8245.047437373212	473.5405276435985
119, 8304.48875959909	484.6674757699605
120, 8349.110947323767	493.57276731574024
121, 8681.972916255492	458.94796660469586
122, 8852.544820801952	509.9843771512028
123, 8767.411464487564	523.3656403872883
124, 8641.715601999518	544.1564062242662
125, 8774.108807752877	498.5488849365619
126, 8768.568418482322	474.0032592198512
127, 8386.566120936157	530.0183654041582
128, 8535.17494325967	497.9499512127962
129, 8186.807389181219	477.3926550574852
130, 8103.037047883395	477.9223045794887
131, 7990.6763618498635	497.00399106893326
132, 7810.205565363108	450.84298543187134
133, 7735.70075907539	472.9847845898912
134, 7491.09570302735	412.00958064376823
135, 7346.570793598578	418.4992663990678
136, 7212.627430766326	401.1544681781068
137, 7143.720902991167	405.8659564368083
138, 6953.845697505704	421.92910328794073
139, 6926.882912097555	414.93970451203154
140, 6812.987635919909	390.19492894884286
141, 6711.598985726321	397.05243571134184
142, 6684.92072391862	387.9151537305606
143, 6755.574714167076	366.2033186273731
144, 6571.1670522234435	362.854017351708
145, 6568.5036320605195	410.1169121421288
146, 6625.269318344778	357.32439553259763
147, 6572.185518952712	360.50104026304473
148, 6755.889228399826	354.6611887482631
149, 6876.864381585827	374.6853110771639
150, 6818.971164778112	402.1471179512444
151, 6842.879045080362	406.0665103767772
152, 7008.522702318826	434.89449203489426
153, 7039.77300001595	377.81254079328653
154, 7051.421081768179	419.25391746249846
155, 7268.05741867637	392.88285076915304
156, 7282.086671201908	446.74498728150195
157, 7407.745543111899	389.43243916073817
158, 7538.423006938688	436.82831091892695
159, 7602.3603906245	463.00661077196384
160, 7805.768089488661	473.92663794830565
161, 7797.241530769441	454.361277820892
162, 7892.9935846602775	466.49681064438937
163, 8039.027482565595	479.0924862111773
164, 8041.266431845146	505.04912487731235
165, 8066.044539986747	448.86982743460044
166, 8085.237075960045	459.61511523560665
167, 8121.4028867154975	471.7452346054852
168, 8121.634072237138	504.13425849855264
169, 8182.683005785038	442.18293335433196
170, 8150.116589474417	487.1457377517147
171, 8113.201240997299	466.0704610987326
172, 8187.174816176897	507.0396462665456
173, 8080.282563044149	478.7456835614834
174, 7831.2374662115835	415.29028481492105
175, 7865.715404537719	436.4862758375816
176, 7911.449486869506	420.4760222798974
177, 7636.214107638722	485.99250020482435
178, 7654.462197276801	442.44993919258303
179, 7577.521640803524	424.68225254129175
180, 7462.930170020407	451.2752662937035
181, 7413.2009980461635	444.0878902684714
182, 7354.5090863254445	421.20803292039477
183, 7231.261584534223	392.79275834004363
184, 7268.72284064282	383.4033426703777
185, 7231.011952795816	409.4689279091532
186, 7116.316375199921	431.4414807350379
187, 7008.0441049614265	395.01911535147224
188, 7065.626034788239	398.47286132605745
189, 7055.865639280464	374.705064785817
190, 7090.454753751393	380.7141894216031
191, 7054.611206041488	391.0878060895786
192, 7087.429853566201	405.06959322467446
193, 7092.797674540206	430.88668908582696
194, 7139.888129566531	398.3288167260174
195, 7128.284241753066	405.70882816793875
196, 7148.147437896522	402.4597173603733
197, 7117.175863708588	405.4826124609348
198, 7203.6186040555085	403.2036287368317
199, 7287.14955158993	409.2154817100579
200, 7400.263335121024	420.59997056676167
201, 7342.834599371791	434.1190026963781
202, 7341.759468712161	469.53111145498235
203, 7396.882506484581	443.61873722022375
204, 7530.5221405943585	441.7347566962574
205, 7614.197742968511	435.8023110048212
206, 7688.0359105672915	450.49872938077294
207, 7634.642794749766	446.26186677008354
208, 7592.427933078802	457.6569277712948
209, 7793.130858169726	457.89195513578574
210, 7865.870911047575	441.5669315931505
211, 7975.429215284288	462.64100300645106
212, 7920.923113970131	442.6154126779529
213, 7815.391776590425	448.73529014370376
214, 7847.733651083288	443.9402510311692
215, 7929.182578551018	490.67924635323345
216, 7972.616655059288	463.5089107095423
217, 7725.182550546729	429.33253381801836
218, 7757.376563029035	453.08020441722067
219, 7792.3332254275	444.6359914263014
220, 7807.248355120264	448.52387151646354
221, 7786.5308416743255	423.04934455716335
222, 7748.787386720767	406.68320237812236
223, 7676.239646441969	461.3238939480633
224, 7697.737664484669	442.5861304361425
225, 7683.8770961593455	428.66529218744057
226, 7664.269305381523	489.52829965069026
227, 7531.055861217663	446.12606727262283
228, 7608.9132385939965	456.652658116107
229, 7614.540425918286	443.95089865135276
230, 7488.725746377007	464.79375192247244
231, 7558.947862633354	444.5760272331973
232, 7539.858482874486	435.6827773144139
233, 7580.520521288936	421.3966664701385
234, 7445.913583295795	426.59724407054784
235, 7555.737832694311	419.1272370078012
236, 7563.209914462187	476.1047024913017
237, 7491.795722714561	448.058499877223
238, 7556.990112325044	435.7189586333707
239, 7608.864896131904	423.702417103157
240, 7637.610910915141	476.11339320584136
241, 7608.107220536735	443.04383327009094
242, 7682.9586249589665	428.6826700051185
243, 7787.073347735656	432.58334364614564
244, 7796.144567986625	477.9651543528531
245, 7858.186527984034	450.84276295688954
246, 7888.05248853336	423.19865414356207
247, 8047.872525298979	477.3308801109544
248, 8070.623494537755	462.05867730592763
249, 8154.162454174488	473.0086403111115
250, 8227.154800471537	489.90988777482517
251, 8314.904605472188	466.82456466052497
252, 8378.268392853935	490.10700564420216
253, 8526.341023792658	555.9585522816526
254, 8631.11658606677	501.38717684922636
255, 8782.2969510439	512.124651468946
256, 8713.163345455245	501.5720205445352
257, 9003.042697588477	524.1482948262893
258, 8920.183772437038	537.43304586801
259, 9028.991577447574	514.4672095904226
260, 9103.511376512753	546.3977415608674
261, 8999.908202996445	510.7709454449858
262, 9089.114044514108	519.1092298804898
263, 9088.211640960504	472.5928133094636
264, 9022.826981953503	519.2921076981818
265, 8970.352998980747	513.1177139701165
266, 8761.03400293685	526.6759155133624
267, 8772.704922269006	511.0536063340388
268, 8605.002974600424	505.34675415352774
269, 8583.569943300943	465.1112475532238
270, 8331.463131270537	453.3162288850115
271, 8259.989178636562	482.4112289495957
272, 8165.829496916178	484.5129029182869
273, 8038.240025425308	424.6782234641586
274, 7823.854941879782	445.55985055053964
275, 7708.981761373105	411.3512744844874
276, 7664.878057784483	444.1261576918468
277, 7520.464087530232	429.77752200115947
278, 7445.477745492532	445.22610637248533
279, 7263.6498252721085	436.0928963365943
280, 7227.297211688577	368.3622851591257
281, 7140.294965883062	419.42691518289035
282, 7038.561482257306	391.55506059461646
283, 6902.774882964159	405.4810475770269
284, 6840.903026700892	411.7858860884364
285, 6751.222131427497	374.2341924484452
286, 6708.077378555957	391.4474298550925
287, 6691.22267569729	372.81144368379347
288, 6622.31699956635	398.56502463899204
289, 6616.717744030942	371.37835516638455
290, 6582.545262079031	414.63493099518854
291, 6605.379762531775	372.2477505146304
292, 6528.634925053039	379.2799783422371
293, 6541.102771376519	398.7781093060413
294, 6523.723779417767	363.7407908958406
295, 6519.510386558848	388.3194433659466
296, 6510.568322139332	362.07934824832085
297, 6631.3988952221025	385.3291933371235
298, 6659.790895434244	361.96382556513953
299, 6659.049238525094	360.1097613717035
300, 6717.1732904553255	393.6292304060763
301, 6729.647917066469	370.6765500806407
302, 6862.699091440535	416.6809849526536
303, 6862.183214310088	428.9359516827215
304, 6944.120454318153	390.0194868598653
305, 7041.0037945088	404.5098277253401
306, 7109.581803926224	379.5174201593497
307, 7215.881498681806	428.93525499995206
308, 7289.902612509805	391.7732227911847
309, 7421.865520599606	424.52323682797675
310, 7452.9355096972295	423.5870467588575
311, 7634.056036483598	435.4788938201932
312, 7791.0660825692385	458.56756960241876
313, 7919.822927545285	423.915239544982
314, 8086.114420529655	470.8743224769229
315, 8195.69070039305	438.26622477015127
316, 8266.000245301857	511.3199011288032
317, 8395.29090076373	470.5131610803184
318, 8538.549504195926	523.4248629780114
319, 8662.078322959678	531.0672938339505
320, 8702.75098430299	486.3980804857478
321, 8707.808427982742	493.8507411520029
322, 8814.882325321296	522.4075149713248
323, 8840.738190133874	456.39650764968616
324, 8766.615544749302	479.956702383119
325, 8690.396133317934	500.0798908606529
326, 8656.931819434796	503.0579425320133
327, 8565.819930953394	514.2881513663218
328, 8403.297578412397	518.8052554656239
329, 8404.850687858654	503.87718516665984
330, 8231.714596692504	468.9569464750915
331, 8069.431817320407	480.47085243581387
332, 7986.232216269136	465.5780586884457
333, 7909.540293159508	409.3312096109727
334, 7808.684777026832	466.8782590476011
335, 7632.20949612152	439.91327849346226
336, 7495.159567448736	425.9184740495505
337, 7330.972365502697	441.15482738780975
338, 7232.944198184248	445.9822589475365
339, 7149.957862915096	422.666446369516
340, 6988.493867671371	396.7089946915494
341, 6952.285967117596	418.6512575318802
342, 6841.318974577397	374.04990324149566
343, 6752.4068021611465	400.6155979348952
344, 6745.968029227995	400.45258789475145
345, 6737.412732725231	420.8490564442105
346, 6661.370151334807	381.40849529828074
347, 6639.694692458564	416.395997653135
348, 6577.027806150435	401.83833000278497
349, 6550.6883633424695	380.591884848217
350, 6517.047837690273	403.92208419187995
351, 6526.399750368404	329.9932649505763
352, 6573.572217725413	383.70715899722643
353, 6552.855372264942	360.34060237715124
354, 6529.402702728408	366.0523596235051
355, 6585.380364223321	367.6466040024488
356, 6539.077784211902	404.30618046860997
357, 6586.802972548445	371.8669217034089
358, 6527.893307422532	363.1555241633565
359, 6537.751937180779	388.55324564444805
360, 6548.715380669123	391.3653792362292
361, 6540.58352382749	392.8810340563384
362, 6631.457620908595	396.1562348176785
363, 6691.162886957683	361.45254747867386
364, 6684.8700011775145	399.12345305334435
365, 6825.0465064893215	387.01886550231865
366, 6836.831301082571	403.10979258440705
367, 6924.938336152029	398.0089740728112
368, 6949.201380440038	406.4606796247981
369, 6936.71080485113	392.46801246541406
370, 7012.162067666823	406.3385448007153
371, 7148.472917089407	399.1316777079177
372, 7186.770486834422	393.13180924292124
373, 7243.156320706688	383.2634357405458
374, 7329.739396854447	416.1257654054297
375, 7457.674089994374	408.06654538201855
376, 7496.701523514815	452.2621949150864
377, 7624.298418964101	411.09068362637356
378, 7678.266170674118	447.1070239785763
379, 7778.512881024345	475.4589345430331
380, 7922.771719635818	450.7677995281247
381, 7972.649533391814	467.22456189991806
382, 8016.156325487208	469.53560454510483
383, 8047.981407849732	458.7378033073697
384, 8203.43373027784	477.4788725183287
385, 8308.08121275739	450.40729812341925
386, 8420.404680973483	516.5003446982278
387, 8614.170654504234	492.43929427162124
388, 8582.706687524282	473.9661758620959
389, 8699.386748157536	544.7119498383908
390, 8779.403036621829	497.3557125186224
391, 8872.42187905249	496.50246780858106
392, 8993.256809058561	560.1119843141822
393, 9152.693818547186	502.8858875954157
394, 9254.719527092246	538.0568995078625
395, 9219.851397093249	513.8403505263744
396, 9347.921553390574	517.3433126741177
397, 9448.013319777045	527.3931426889101
398, 9470.756073844792	541.1922793395265
399, 9629.72977540918	553.7339225095074
400, 9601.500838517892	546.9719408456167
401, 9658.465204368693	526.9552911607922
402, 9569.64542786366	542.0990571009631
403, 9515.167032528567	550.6223471558444
404, 9506.481294431745	562.0972620032389
405, 9468.785320106514	530.32445614318
406, 9537.484448703612	596.5067186032762
407, 9194.234790108307	506.9081283717645
408, 9209.695954426958	536.9634395059709
409, 9017.61723644286	547.8826046177985
410, 8957.751583614192	480.56827233915624
411, 8784.11954226971	494.35227804290275
412, 8669.521562434978	489.21706351130035
413, 8443.219874235616	507.0207124038506
414, 8335.73108260292	477.76786645737064
415, 8252.723554582393	504.85859510749515
416, 8032.492852998733	495.9272484671637
417, 7849.957191454169	436.6055268189735
418, 7787.022937305995	428.2002407641604
419, 7610.1476587686475	420.9806348645686
420, 7479.107480672924	444.2541418027655
421, 7414.130072555139	403.11241796713966
422, 7293.19371430889	409.2656190938905
423, 7115.438809937186	410.81093570381705
424, 7017.813366017524	395.0651036115136
425, 6907.213368265477	409.2337494351983
426, 6829.926581087065	395.2219683874336
427, 6687.327149112936	394.8784872785074
428, 6574.453149398255	375.61414341974427
429, 6584.738323028649	365.9279661060474
430, 6465.879925469981	387.11745292338645
431, 6391.139674692807	379.9528719782429
432, 6348.168412109425	391.2400628952774
433, 6290.132658918645	362.2260899320288
434, 6246.163667881938	350.6876013653128
435, 6167.680330688662	366.65305523981345
436, 6132.037062565858	315.10548318933405
437, 6106.692429207569	364.3579448414045
438, 6017.168257224676	343.0771945150275
439, 5997.922414055931	368.8110826403743
440, 5923.780275297508	358.8163183650412
441, 5938.142286850253	327.4389383578371
442, 5927.229430136534	356.82509439282046
443, 5891.389478785824	323.29421329613933
444, 5894.741563528744	332.2054677790861
445, 5854.975018717166	355.70638037592363
446, 5845.534734246709	330.2126992410242
447, 5815.66550850436	352.07450282527026
448, 5822.58562766193	347.5638063821195
449, 5794.846684676884	348.5449435371305
450, 5757.8979457981795	300.49239198731334
451, 5820.883317678044	348.97602021303436
452, 5829.512286566472	341.5636199623884
453, 5840.928276315656	329.51517092737083
454, 5835.956879201211	366.96816308527707
455, 5850.246634544594	352.1318435317119
456, 5859.2196779477335	340.5212028838334
457, 5899.338985491564	330.2996739345442
458, 5933.439313344122	339.32606473492075
459, 6031.120238401418	349.1304973485472
460, 6058.250652907556	344.6569235002585
461, 6080.710551083628	328.6031597520929
462, 6123.4174604415075	348.3823635115494
463, 6219.0887469171585	354.36471550093125
464, 6266.271597116478	370.09144898721127
465, 6357.781349879651	342.66551901207646
466, 6458.569771885783	360.5837273455187
467, 6584.755724531439	355.43723186573044
468, 6630.335453883067	385.6045341545845
469, 6786.52011422621	387.672343893881
470, 6849.548400909036	359.7504290675594
471, 6972.628708227085	361.56230551778054
472, 7196.690197322918	430.49192566133576
473, 7368.2645240201255	409.344384750269
474, 7490.451826555173	391.1948499323973
475, 7678.2587586534955	410.23245745005784
476, 7856.51223552164	467.62654454144587
477, 8122.436344198974	487.9057437585518
478, 8313.714233754	458.94431774711353
479, 8548.249291031028	473.27503187658505
480, 8732.239760404229	496.85144154631126
481, 8893.124282490533	535.3270829995271
482, 9139.839077239303	483.5842938768346
483, 9290.27990215649	530.1770087695979
484, 9295.381407361416	541.0072653569621
485, 9487.858165998403	571.7754839200624
486, 9521.265620798911	534.6389862666148
487, 9548.31072628083	531.3845911713004
488, 9407.953527500616	514.9799755958068
489, 9273.189685392368	568.3955075961235
490, 9305.75719677259	541.0834267367278
491, 9091.801372392267	484.3047453898968
492, 9056.39883878479	520.0371055326084
493, 8797.175720715533	504.92424962243086
494, 8649.790191452272	531.9971697349137
495, 8422.70062203824	509.5881750054351
496, 8287.05797596755	460.5202875560168
497, 8103.052216336092	478.3535778231724
498, 7999.082343601195	438.4226569367185
499, 7731.429723694844	436.57901470389334
500, 7581.604788391071	465.8669707943351
501, 7418.547734223611	451.37997530372945
502, 7333.40977283282	410.65028614432197
503, 7063.254155072813	399.89952928410816
504, 6997.589334985134	400.99113411681026
505, 6896.940700148756	402.2073543054439
506, 6768.116886442947	404.81208436744765
507, 6587.33232116854	380.88978701597455
508, 6489.360569708479	396.244309806981
509, 6319.138353709843	369.0914526409807
510, 6209.232469073941	355.82004825466777
511, 6153.047183769162	344.3440234437882
512, 6044.656023824476	364.53073879535935
513, 6013.1346581160815	348.8214827050381
514, 5921.213830606853	343.58026573015326
515, 5904.275815375206	322.69382364941424
516, 5877.712178937689	328.5990105345882
517, 5730.165435910631	359.1172097210116
518, 5805.586367102335	327.3881001458412
519, 5748.0884510014475	326.0216150714073
520, 5719.410045905837	354.826193388323
521, 5790.283503492987	310.7112901805118
522, 5723.698164426805	307.7035054873661
523, 5746.026251740412	338.8378789173708
524, 5767.088884601864	309.47150576384445
525, 5799.797498554665	323.3644960839837
526, 5818.6599132242445	362.6509032081964
527, 5853.234346963158	307.42005593017893
528, 5895.2495794934375	346.7329636414577
529, 5914.808060608021	333.38490052241843
530, 5986.32243456202	312.15802611786916
531, 6027.730555909659	359.0230359246426
532, 6098.190198208792	350.67914357495084
533, 6161.963748064544	389.93814624146495
534, 6286.471625722268	369.3180495170285
535, 6359.831844818259	371.7542088733361
536, 6434.721799525643	363.3248826576745
537, 6528.547626852365	357.3589453533433
538, 6670.881583963073	389.32817958412176
539, 6795.488589142377	395.173014866057
540, 6955.839085056431	403.0920675354426
541, 7069.69748276224	380.6653440290182
542, 7200.462271412668	410.66603619826674
543, 7377.357095585392	440.8628031924299
544, 7552.327856535181	420.4881822702764
545, 7798.545300635368	470.2492202477328
546, 7973.898173008999	463.1294073975555
547, 8199.154349883594	474.7614491468311
548, 8405.888820027942	480.8533270098601
549, 8529.253364484342	489.62116168110214
550, 8710.651884534182	509.2046430353596
551, 8973.75900747872	544.7152592295287
552, 8980.768576533586	514.3010166191098
553, 9154.525866407837	521.8666266588855
554, 9178.455323981236	516.4441671118342
555, 9196.85731438784	556.372809589389
556, 9296.696667525157	495.0914679024832
557, 9182.078420659798	553.1117466162151
558, 9213.450962321394	527.3737969058749
559, 8961.784002995124	539.1387553531474
560, 8905.288805213951	502.2568895741322
561, 8690.149677024565	488.1705128479088
562, 8617.026737172646	501.7391249303353
563, 8423.597928794181	471.2419828865472
564, 8218.950934383598	441.20850476707164
565, 7976.906198964581	491.9592345711545
566, 7868.68945058197	434.6202972082836
567, 7717.24748356739	442.66328407624695
568, 7537.779627812049	436.1005781089431
569, 7468.850707364209	424.5249152422784
570, 7159.456428781028	407.47465617120116
571, 7066.234709096551	387.862256353037
572, 6956.976382910765	364.77734768702976
573, 6875.43415693776	403.7549157495744
574, 6788.790406476143	385.15357856933616
575, 6717.229638474702	412.42931128768464
576, 6641.367503925383	387.5486208589554
577, 6564.966488678084	459.61219959834676
578, 6512.817670613418	406.11845576562
579, 6533.615565057565	371.2079709440666
580, 6484.119794529281	385.377255190221
581, 6427.060436101817	344.81045262251325
582, 6437.885624796664	383.95334587917534
583, 6436.473978455146	364.86914464703074
584, 6409.561177589728	374.08916863811623
585, 6415.069045154411	349.10000256130473
586, 6410.957697361507	370.6815488813262
587, 6529.42482001095	399.71844922831895
588, 6548.147688177677	397.9324830035527
589, 6527.355684333303	391.66239250632856
590, 6554.656760841791	341.0546616250836
591, 6627.962473304803	332.02435571972205
592, 6603.69577652842	375.5916258064907
593, 6714.406111930993	372.3250190845412
594, 6696.124277122622	368.6880321842632
595, 6809.197572487541	380.15097373714184
596, 6857.197733162524	413.8058282093736
597, 6989.21662557436	390.7614530895784
598, 7142.383163336505	423.68921197583103
599, 7152.546963667008	398.7350989024127
600, 7197.293925275225	444.473106404328
601, 7422.517058137774	404.9351946131621
602, 7459.472135176632	435.9378855376637
603, 7570.741880898736	445.0988952804055
604, 7678.515615561729	485.2763082129624
605, 7750.37629106911	487.24908074427054
606, 7874.1561117429865	469.4342843698282
607, 7905.4656496672615	458.6207621592604
608, 8041.94169952078	450.0196546555154
609, 8070.456265869688	452.7587862336751
610, 8166.2188714267195	460.1333979499198
611, 8283.558976952583	441.9051436206073
612, 8268.955353645311	473.69858934462354
613, 8291.19455351085	457.31968579384034
614, 8204.300777871422	447.40693394632103
615, 8219.54177714901	469.704141774301
616, 8341.380831849972	473.1445484866281
617, 8076.2678643259305	451.5311730373258
618, 8066.165655959656	449.0810884551078
619, 8059.490813331197	410.87940862472027
620, 7921.320317980619	453.8279043046193
621, 7941.694941906504	444.2033788761687
622, 7741.666767423909	393.3401973052863
623, 7675.008193833924	409.6106752591884
624, 7662.488181583899	438.4051179994022
625, 7606.18686703919	475.5021573912144
626, 7386.34973980764	401.9837738593854
627, 7379.965621786916	441.5632512682428
628, 7301.116300420878	438.36824053068295
629, 7214.173030406834	383.7873082811681
630, 7178.527194400597	410.20629151478454
631, 7034.980398522616	428.1504705283774
632, 6938.313473167509	405.44970235730324
633, 6875.269693113793	388.1075416574684
634, 6827.597348171926	430.8412081555599
635, 6752.3477821198885	383.75006316571034
636, 6762.197545380292	375.88919412797964
637, 6610.458761229554	416.4001267079415
638, 6692.591679091644	415.3669045714243
639, 6635.699163450267	355.5525521373534
640, 6720.140016725645	390.0131561416606
641, 6730.444258476864	382.1329856975627
642, 6703.206325963207	396.70822339595543
643, 6712.661327390349	396.2087756814556
644, 6711.756863975603	387.9801518882997
645, 6665.776573121405	398.6935799892555
646, 6750.5817456942705	378.84487368791594
647, 6783.6663481974565	403.86597201439406
648, 6852.330990167011	382.9910858806033
649, 6815.747564110869	416.1414093251977
650, 6867.887835215533	448.60221317501146
651, 6944.062986094987	390.56044448326753
652, 7041.916859864919	407.9263916543245
653, 7099.937982575109	405.37833366283184
654, 7141.001537580206	431.88932579821926
655, 7251.913750081485	440.1545098768062
656, 7368.035261497352	451.07447421288975
657, 7347.898880963671	423.52463589600677
658, 7450.620050367667	438.4448687725481
659, 7559.573405949022	429.7268882760899
660, 7712.8582001992445	441.7561858440721
661, 7804.576876771342	460.64753933331144
662, 7777.412489728485	476.5678259202607
663, 7871.892030174735	478.6096281791279
664, 8003.36007829092	494.78670769526127
665, 8044.187290263707	490.2609934703701
666, 8119.867305773277	436.2405206967448
667, 8194.705378569515	420.6852979081035
668, 8233.081138844698	471.51719582491825
669, 8229.129455444943	448.1115510085822
670, 8119.142093127191	459.6828141856236
671, 8173.170015315012	446.3635254394185
672, 8272.849891681037	494.1386622764616
673, 8216.50019380612	495.851031448315
674, 8306.215376856033	438.5799494122137
675, 8286.09668605931	473.0612504943662
676, 8266.785157326332	464.41205157737335
677, 8110.735614766398	479.8969748570524
678, 8079.459883094375	503.6551462621407
679, 8077.380130563278	439.0637815375059
680, 7901.099638793265	439.5839407182614
681, 7934.632897881782	449.87339499091314
682, 7801.224132407909	455.554841293317
683, 7810.334815029978	473.97452868445976
684, 7679.0719582290885	437.26305500101836
685, 7602.596781710495	396.6021379811445
686, 7575.587604234685	413.9985967605804
687, 7522.403363718447	411.1790860028052
688, 7441.499701999124	424.2078959995906
689, 7393.0141842425155	426.186358440007
690, 7390.335251117043	460.8866934888112
691, 7265.504160848518	394.0877918725783
692, 7329.493257188533	456.6162465000377
693, 7231.9318729320385	405.22764582927283
694, 7216.696577580287	463.07581377455097
695, 7217.432531264289	421.1861567538854
696, 7171.830965302817	395.53134980791367
697, 7133.641241035857	400.84035491136257
698, 7108.901816508208	416.0060349134174
699, 7119.449683522847	427.5051418011964
700, 7155.602844575424	438.1716312850388
701, 7117.550974223503	410.1729411451192
702, 7137.244026515779	405.647156625409
703, 7174.399240787775	406.9034382944492
704, 7161.788229351422	378.1121001233467
705, 7223.094795509407	402.6860422253175
706, 7300.534576586307	393.0313669864087
707, 7285.960321338698	408.9002135665728
708, 7316.575177209294	419.88411963730954
709, 7316.106911007274	415.2205574251404
710, 7378.688669898244	406.8166677811111
711, 7441.006595208741	404.91138284058457
712, 7457.411184674132	424.45354163012007
713, 7558.8168605700785	417.60116763532375
714, 7667.8026513977065	462.5406228669749
715, 7651.814468572962	431.4551402182665
716, 7808.526917245357	460.27264701132265
717, 7850.532666749812	413.2905162752532
718, 7950.717369927512	496.00629536966665
719, 7974.66798234987	427.3757498202823
720, 8142.159256592362	457.99431258433185
721, 8206.480031399708	452.61851987722787
722, 8342.445550552366	561.5099000965652
723, 8473.518601998507	478.49225418078316
724, 8514.26058973073	479.02479522714697
725, 8659.215413833419	507.3866256194941
726, 8850.682023191535	496.914670302969
727, 8797.757971356006	516.4634942953154
728, 9020.010847964359	531.5803139530778
729, 9036.43863332631	528.475937534218
730, 9213.536213049241	567.464895120258
731, 9221.825808473686	544.7120438629914
732, 9153.506051882883	535.5481138062324
733, 9322.218200041401	557.3463018281998
734, 9335.052730308169	575.7301571998995
735, 9377.2097026514	515.5083131271565
736, 9338.934663215512	531.9374262973768
737, 9348.033974188731	546.3581289929822
738, 9234.787062879317	570.0371966936365
739, 9171.09307571506	537.248047641943
740, 9152.619961581438	575.1130550192302
741, 8973.461404680738	533.8353237149518
742, 8825.290214538682	530.3788687944198
743, 8743.366390668158	495.866390739786
744, 8623.54582800893	490.39159430973444
745, 8438.223086548023	485.9767322656388
746, 8309.406225736231	449.26677849702554
747, 8175.80542210957	482.8068524009067
748, 8006.322259213131	449.83026057296996
749, 7913.026481928142	428.18064245683325
750, 7694.60456004931	447.07879767902375
751, 7581.462405228529	452.53559100001354
752, 7490.184999458639	446.6688638619248
753, 7376.894020209657	412.24188498158276
754, 7218.492998505076	421.8565806139725
755, 7050.2331032237835	410.90479153411434
756, 6996.155166239751	404.8154456722085
757, 6890.716084234599	384.71130761046874
758, 6794.31895631374	375.5626131150151
759, 6657.845379165497	383.9848556427677
760, 6618.598166464228	396.5288355726925
761, 6579.936817842237	345.2056687141201
762, 6571.992090163639	354.5229330516886
763, 6464.807102664758	389.30618260296694
764, 6427.230810081309	347.1247373755354
765, 6393.264734964416	376.6019530455602
766, 6394.724637951756	383.3855799592107
767, 6304.954800187295	379.9397760417421
768, 6346.833327197528	355.0506950639473
769, 6267.170528806946	363.20777115982384
770, 6209.217270209409	403.84353289466105
771, 6196.687819473839	354.13824090629316
772, 6199.094410196627	354.8686683502277
773, 6191.801491876487	350.09290247008965
774, 6162.0308915213045	345.087912534073
775, 6128.620468939864	372.55320101201806
776, 6171.614705324194	376.5331628085502
777, 6223.07583939298	348.32482231471215
778, 6221.196742688491	387.7642510769349
779, 6223.090706036995	344.05295628515887
780, 6273.208331416438	356.8052585753552
781, 6275.787493819812	364.71345451326005
782, 6318.77765164707	352.0415539077669
783, 6420.694022090921	394.1065326593924
784, 6438.370581416508	406.3419321653494
785, 6514.332559137846	354.9573480024017
786, 6507.234740168552	368.3625323784379
787, 6626.16988678051	382.4391407782314
788, 6689.406618924095	373.68225670158955
789, 6780.347558813043	347.29039557471094
790, 7033.779990486162	423.0648783713918
791, 7130.427797695677	411.876378064334
792, 7248.040805004855	439.11520313667
793, 7406.169380763733	384.2568752637352
794, 7509.125717344464	443.36610881350094
795, 7707.993048153959	447.8281689470349
796, 7948.066035770096	473.94711731552775
797, 8014.65670219028	450.8118993125397
798, 8273.28909128127	461.7036947598288
799, 8456.027799226973	480.1976625104199
800, 8679.651113013066	489.8948281379489
801, 8800.68953224157	481.9957894901331
802, 8882.72968620402	476.1659778515147
803, 9026.986374762644	505.63891895498494
804, 9038.517076699058	544.9239433443632
805, 9299.887521997543	543.1623800401816
806, 9291.309881800535	524.6975966992156
807, 9233.403947686596	508.4526266333936
808, 9248.290094503236	541.6876188369847
809, 8997.717528185145	558.599056595918
810, 9047.265216072019	539.6594322267468
811, 9011.157027338784	536.7306557667583
812, 8833.593791254669	494.5472596818042
813, 8710.566324111292	466.76955907443784
814, 8570.547955570066	469.09428016892014
815, 8390.1917626868	415.1227823685675
816, 8284.399093644552	480.1330896970832
817, 8118.248517614282	495.2895266894729
818, 8009.964557026466	459.29404040140105
819, 7875.111930894221	480.3886147217525
820, 7685.040602917296	481.6156700531225
821, 7548.744859542331	458.4895234830795
822, 7446.754760741675	413.4056947340959
823, 7342.728800551762	417.00705985673
824, 7277.269611467657	434.9354362190874
825, 7076.248371436717	446.6706859204347
826, 7017.068436193368	412.56757184317513
827, 6926.801175041961	414.15750496739366
828, 6829.538069197524	373.21074269228194
829, 6798.134467059392	386.47580443241424
830, 6718.753630614761	368.7980798066153
831, 6668.49544629522	409.3362002344437
832, 6661.920950065601	385.2303775077246
833, 6570.706198267455	410.77501777149007
834, 6623.798229687009	393.2463376350413
835, 6489.764609052701	348.4967838011879
836, 6574.394465675718	385.2937800813752
837, 6590.232642191349	347.13516290249
838, 6613.451935302282	395.17985459211144
839, 6631.344027433173	401.3938744255775
840, 6578.101076461741	400.96693615498316
841, 6689.414018473642	379.5677932860603
842, 6657.003001090266	406.93901639872655
843, 6682.553835012572	367.53931392854986
844, 6771.979062095438	361.8115684503918
845, 6687.19472503705	366.5315491665855
846, 6913.609745662122	402.9090852406194
847, 6886.96559692399	392.0699114037681
848, 6905.344313645077	384.2682846982743
849, 6999.111147311268	404.60941334217654
850, 7067.395981561631	403.1315542814452
851, 7200.809278275195	402.2850302223234
852, 7221.329360949031	440.33370075438813
853, 7324.673680073244	406.1864516587059
854, 7434.470809746471	452.5867454102983
855, 7527.474595674623	458.463666378903
856, 7619.575775365617	418.96800917076496
857, 7772.576569271409	443.51354402503307
858, 7834.545336142011	520.7481279298025
859, 7953.345820178647	439.1030307271977
860, 8016.709722602933	476.6116374095276
861, 8147.371798210838	483.5620150555041
862, 8321.195133385612	473.9068711517458
863, 8402.451544431204	469.9384486283181
864, 8505.687910937457	510.0428595568267
865, 8617.993469701052	495.5818209898847
866, 8835.353302022671	467.6509305126626
867, 8960.551642963554	476.732744319374
868, 9029.339154909092	546.3123788731671
869, 9240.792253273232	493.32695621053915
870, 9383.852704781615	493.59266284268233
871, 9427.210427248636	537.0858079697333
872, 9549.473278824345	535.2773699727137
873, 9618.200757295253	583.4832615009138
874, 9636.448722905734	620.0374851584662
875, 9912.227469917361	554.8567924228394
876, 9823.32719988174	575.3048255769884
877, 9772.689227730636	589.2123752969845
878, 9769.423541126085	574.5867173064917
879, 9713.7044069234	512.1511527970475
880, 9681.72323621296	566.4600309781572
881, 9413.606374058058	526.9977338587365
882, 9407.031555407588	512.0711359103249
883, 9122.735635600902	473.3653635842799
884, 8989.805051530106	527.7749836844548
885, 8728.062694547532	523.2539648511863
886, 8633.256521146031	510.86691884635746
887, 8448.818328892416	461.201820360974
888, 8297.095835437867	485.83850224052725
889, 8028.142995100045	468.5926747219641
890, 7913.818450205626	448.14122853044046
891, 7721.583512185675	490.0238431302782
892, 7539.451487597245	431.70060205746114
893, 7434.223824947747	443.61118345425507
894, 7210.285194208156	386.0039091196351
895, 7036.870787055237	407.058780921338
896, 6927.965878287536	385.44486370981093
897, 6833.836132501003	399.37760559025946
898, 6703.679898116919	388.0600547930884
899, 6690.943019133798	370.8426707704722
900, 6521.446600575307	391.1547115089942
901, 6430.929099937403	364.9159964892344
902, 6427.949947832873	400.46774198238086
903, 6357.131372469242	385.58788724637367
904, 6334.137014385105	346.4040293479369
905, 6163.143020107457	370.71865178613734
906, 6222.008866504623	343.55774032456026
907, 6218.735570459728	346.97330670779104
908, 6137.059935613587	360.2902117532847
909, 6122.971103610839	389.9614733487292
910, 6201.315518595777	333.23664617934
911, 6152.682281666226	345.0260072758277
912, 6159.431499140871	351.4982345166146
913, 6217.116591531807	350.44565231756786
914, 6223.62188407799	372.0854244064827
915, 6315.15538394148	371.56041189953004
916, 6276.271548026666	363.6955704718926
917, 6343.442242063376	356.3508565899963
918, 6475.932861650779	376.4730490909618
919, 6560.501770635956	438.97323171967844
920, 6594.99572262926	397.86152528869303
921, 6678.203889772345	364.5505077072355
922, 6847.878665118365	427.2367341144285
923, 7046.388193272344	428.4100556260675
924, 7146.924379140031	383.6106952218482
925, 7282.322451296683	412.6084867650862
926, 7510.512136794222	475.82298160410136
927, 7739.570919101179	435.5395924458947
928, 8024.9769051556195	485.52176830883263
929, 8317.812181999152	494.1233442374984
930, 8609.300269032532	510.25825405440503
931, 8810.332925144305	546.0768441807583
932, 8876.00712386261	533.7552380969194
933, 9107.316761200533	506.4682871531833
934, 9209.316459075848	555.3795428275429
935, 9178.739087149264	518.2855114205827
936, 9207.098974301829	541.5873719625705
937, 9233.70613401184	534.2400472581788
938, 9168.332680817131	493.25691374471336
939, 8927.664678073465	523.8370120760015
940, 8834.18388783583	485.64987647698206
941, 8673.590923443957	507.6367458597051
942, 8495.29160095168	482.09847356340174
943, 8362.139076606936	422.0486489777979
944, 8264.749381622565	484.00844259839204
945, 7920.604301382578	443.66927825610634
946, 7780.769532915192	496.2441002086281
947, 7691.525626318938	471.75448478645757
948, 7512.685562165546	420.5702129111392
949, 7356.807235247083	431.00124700730055
950, 7164.775893377291	448.07963365914094
951, 7085.587775108688	361.63540434330304
952, 6845.373353407746	401.3933447918689
953, 6842.717460867944	381.55341022112066
954, 6778.879690301088	373.8544832596028
955, 6630.575681625415	381.1969829913114
956, 6648.569250264086	368.5620051524931
957, 6651.470227188941	380.6192700928321
958, 6501.497784388079	398.27242044286226
959, 6505.772472271256	343.37617751968986
960, 6503.879369862221	399.9801704645116
961, 6425.046978087403	357.1376130468596
962, 6643.583289611863	395.5674778984261
963, 6608.929273736102	370.13947094020585
964, 6686.99656403862	381.03201687806273
965, 6752.877610012504	362.46467293897945
966, 6800.777292838733	401.85093562043426
967, 6821.987894824384	422.4261502966908
968, 6953.310277270937	383.5171201921369
969, 7019.954250094445	404.72047278093464
970, 7230.999275359805	429.86699835121226
971, 7222.188824085401	427.7694787061356
972, 7368.766930141759	431.3438735984983
973, 7589.915870027512	401.0147183624465
974, 7587.675360744478	489.47872792926586
975, 7817.436087463108	409.829717770759
976, 7813.677761456446	435.2297941964533
977, 8075.5229321979505	452.4359955154963
978, 8037.105215130157	474.3308114531054
979, 8319.947611840065	466.0429552873217
980, 8449.973814553077	456.98349721872313
981, 8359.428476285475	474.21902126589134
982, 8364.988464831195	487.21422054391127
983, 8410.185345407519	452.4061123926165
984, 8449.962038505633	476.25094374507614
985, 8416.543816432437	466.4287092190148
986, 8247.943407477458	458.7280134065291
987, 8098.955077632555	431.99621777804083
988, 8088.3932464840545	434.1528438641051
989, 7955.064546796792	452.3313591063458
990, 7789.0187252100295	447.36218154203
991, 7682.361859672655	472.23348086827974
992, 7514.419296169621	436.76049807993144
993, 7492.071580925045	448.16493827420976
994, 7410.834034266309	402.4130726024604
995, 7217.455812084292	434.8783307901547
996, 7259.344676929318	392.5583199397013
997, 7147.040753827535	381.5831524511123
998, 6978.564501283045	396.57984641498837
999, 6983.563893261074	410.55012952113407
1000, 7010.442156975828	392.77772626802647
1001, 6968.479057141803	419.82241910675106
1002, 6937.650312599143	389.7562727865558
1003, 6955.801493566624	416.64898833613717
1004, 6911.28309717595	391.03788569668365
1005, 6940.942417333148	369.0051648174705
1006, 6848.772370380992	444.021436619584
1007, 6809.002135240873	420.4240222283325
1008, 6862.302413253629	396.5367019619778
1009, 6970.827579170902	411.46811776368406
1010, 7004.617507717806	375.1173923303479
1011, 6916.087370830981	373.1885757864206
1012, 7038.764483979339	420.2016496778903
1013, 7191.629422794011	410.28949073385485
1014, 7133.07813775214	369.47310380903144
1015, 7260.852715871772	437.79348868134036
1016, 7350.336345381238	419.32483404098735
1017, 7406.933811315188	478.8459643027718
1018, 7327.833930984371	430.4029005904841
1019, 7640.650629384219	417.13019402054573
1020, 7576.749226212157	453.1020461470832
1021, 7695.471504985546	442.0361495237449
1022, 7756.4052614937755	426.58369266297956
1023, 7849.977107721798	429.16269328097667
1024, 8067.630396934077	471.88300781726656
1025, 8089.593678254385	479.2414866403149
1026, 8194.33117500054	483.72324160537494
1027, 8249.848087257948	464.1301031011203
1028, 8291.738122437639	475.0821422396629
1029, 8402.419938146459	495.7015663455421
1030, 8468.455567051049	458.5154447172092
1031, 8395.349386818063	478.49910862485507
1032, 8478.100615219098	549.0337629897346
1033, 8505.325358823031	505.83266172962976
1034, 8243.688782643696	483.2166139265483
1035, 8307.131044484388	458.2809457966518
1036, 8031.162615571511	501.3754393320605
1037, 8059.403947252538	440.11044595888967
1038, 7840.436608114875	452.3213941566856
1039, 7738.355862040674	468.04791546933967
1040, 7611.282307741115	460.2854722711708
1041, 7507.353135123869	439.4539630732296
1042, 7355.362606952753	394.1758458612507
1043, 7177.158158975118	446.4794102367638
1044, 7156.911568126991	460.40202324690216
1045, 6998.557428543168	382.7355768414952
1046, 6936.0045689794715	400.37805908979215
1047, 6944.693681232975	418.1270437075436
1048, 6809.062732980576	389.1985821338043
1049, 6771.807236473098	413.43259429881863
1050, 6776.223184657014	390.37141032545964
1051, 6775.853754869152	355.46327654873727
1052, 6797.706250288666	391.8735359225331
1053, 6832.5577254119735	387.19186046934766
1054, 6860.649661186552	408.44377657079326
1055, 6803.68973238934	385.86028503628575
1056, 6879.134275097126	410.150446221636
1057, 6822.6785582409275	411.4671499361972
1058, 6840.861070243747	421.16684574191777
1059, 7051.058666892655	411.7150299775905
1060, 7112.688122813325	385.617666508407
1061, 7082.189446840568	444.09943484624637
1062, 7220.6624356205575	403.30277275718186
1063, 7325.3879240203505	400.1086005788115
1064, 7353.243979365375	402.0805468997524
1065, 7570.583884614476	443.32244410508963
1066, 7552.856164727549	412.4474367381512
1067, 7667.650746914485	442.16985850071814
1068, 7821.19064724154	467.71407305566265
1069, 7815.622611128409	467.61284922062373
1070, 7849.084390205495	457.61994287257386
1071, 8126.98429357793	480.4827049317882
1072, 8085.234560152141	483.7159492887788
1073, 8160.654421782275	489.3038491341013
1074, 8163.293188016538	453.36449924173485
1075, 8129.094826653485	494.8892185406345
1076, 8147.011206147343	490.60739444958176
1077, 8076.093470534518	439.2240284331679
1078, 8082.111887000694	473.65707977640545
1079, 7991.542446822246	447.486241932404
1080, 7816.791603590256	452.2626462282141
1081, 7905.308178387694	471.4697983926021
1082, 7881.394206231453	439.2413961735234
1083, 7708.9131216819505	474.3324002282903
1084, 7597.999677173717	455.24234583354917
1085, 7610.492310128984	469.0383869616308
1086, 7538.364686969375	426.2384344688168
1087, 7401.702324455355	441.78251677241053
1088, 7404.393276299228	419.0951009335537
1089, 7419.927955635516	429.5269686626423
1090, 7244.5986014873515	419.30157104770785
1091, 7236.239138561845	429.42911954891355
1092, 7275.697285832248	442.05390012284414
1093, 7195.511693558153	404.440065050131
1094, 7242.06038134477	445.0194548500846
1095, 7274.176554273582	435.62617181838175
1096, 7108.896411638671	398.93428133706533
1097, 7095.918181559531	412.31439697707407
1098, 7097.9543012302975	438.18877642374576
1099, 7092.176273844724	396.3189286502655
1100, 7143.368284554592	424.11276535364595
1101, 7075.3768931355435	400.00171751417275
1102, 7106.021682668118	441.15190850291987
1103, 7135.941479479117	417.6612442572996
1104, 7315.402707440951	441.73944556603783
1105, 7355.208745042207	436.0569064417021
1106, 7342.590875979394	400.280039189277
1107, 7359.839335868903	443.423363423533
1108, 7311.981059421341	423.4127050959087
1109, 7437.801341445313	401.26426639106245
1110, 7438.0203317130545	395.3500705972834
1111, 7526.423063962746	443.7924630078851
1112, 7629.069139536005	421.4595715581965
1113, 7614.688194823542	444.77529767816895
1114, 7624.28665770378	436.13081277950073
1115, 7689.176363955209	447.64757122056096
1116, 7699.267974940254	458.7758540606574
1117, 7722.883657121827	451.9702625552635
1118, 7679.734933971817	441.3342041643378
1119, 7712.463243242848	444.0270446890723
1120, 7790.355244483823	424.1255193743288
1121, 7807.580945755933	458.2147777006424
1122, 7731.039572764363	429.9235026621461
1123, 7814.611181811804	422.1526726960925
1124, 7776.699930364234	474.0449004439109
1125, 7821.53405881842	441.2811502668594
1126, 7803.41694472137	400.10366532171906
1127, 7894.148412999934	455.525302378134
1128, 7862.458459392875	443.4864863880285
1129, 7738.375382761613	424.55117859566263
1130, 7716.228785877689	445.01001780901237
1131, 7813.738952279181	457.48267376247674
1132, 7790.782770069644	450.3926174694748
1133, 7649.362788808848	437.77994210567084
1134, 7617.165582795622	457.9333441453807
1135, 7784.914821807457	443.8281554751914
1136, 7662.007100737292	433.7273336079233
1137, 7635.252027274457	441.7882163002138
1138, 7778.703415445589	462.11420787280474
1139, 7647.543160341567	459.77965573375775
1140, 7682.074685800263	424.2745138571385
1141, 7664.615489451254	464.6947188693612
