1, 6295.985231077041	657.1747592472383
2, 6413.54722332463	768.0497923657176
3, 6612.003006575298	800.6665890109801
4, 6697.0055278550635	822.1979415046352
5, 7064.340262743428	801.4982101752073
6, 7303.7200447157165	898.6841912501154
7, 7543.429161584565	794.9254008742555
8, 7920.5872170065595	957.2331935052838
9, 8442.381806181294	961.6651733020707
10, 8904.606726107191	997.4493233906104
11, 9364.947579059219	1117.4304685220593
12, 9773.3257012618	1169.4713913475143
13, 10190.21009482017	1043.4395467930344
14, 10743.41226616036	1227.8110599926824
15, 11158.402775286564	1173.8003172127026
16, 11608.410186331961	1312.0453162226715
17, 12207.332520112572	1424.0490138712626
18, 12450.948101721297	1361.4881856866798
19, 12338.623116097095	1429.8811735882052
20, 12344.878569000479	1399.9327321242024
21, 12274.471527849888	1268.9805093605014
22, 12262.108447620572	1368.2748365059767
23, 12154.026055961105	1489.2937768254185
24, 11835.311595686682	1290.187259213923
25, 11370.998382310481	1334.0016974676757
26, 11073.081489477143	1316.544489637531
27, 10586.26184306515	1234.0441749662898
28, 10277.13231163199	1284.7595769054687
29, 9955.767806986867	1125.86521362808
30, 9495.324219474187	991.6887497423598
31, 9174.281337289653	1031.7149672367161
32, 8886.831565627053	1125.0334969226697
33, 8639.038516413706	1010.2107649611337
34, 8208.859210106377	896.7128866055596
35, 7917.1379093116475	955.4682379778595
36, 7569.419437008631	791.4222445172007
37, 7362.105839443195	846.5132588190697
38, 7114.786993535679	782.094385063368
39, 6804.293678133069	818.0944646173306
40, 6544.129262631913	802.0317434109044
41, 6460.978640846079	740.0289345994678
42, 6295.681398734121	681.981764127162
43, 6145.163908966857	674.5992369726281
44, 5971.323610361539	689.0956994275074
45, 5915.07424300372	628.6365033742653
46, 5755.464748779652	671.7884466514208
47, 5765.935749923048	692.4886604068205
48, 5630.455070247796	681.107202085752
49, 5564.390781208954	647.3801161089951
50, 5608.784692685905	629.1473311552066
51, 5491.092344538953	612.7313683202934
52, 5504.3500866746845	601.4170801096874
53, 5466.449301192709	570.4284107809851
54, 5469.137994568377	570.5934722869625
55, 5490.474480315617	658.9805381510605
56, 5438.822669562149	646.8643727184497
57, 5412.687391936492	653.4680882825575
58, 5357.375512406904	578.2055674443767
59, 5475.460958541399	570.5778877302427
60, 5502.73385450623	616.9833622529081
61, 5559.598540618572	659.9562804701156
62, 5557.747897427173	702.8928315237561
63, 5560.258699972945	672.781651666305
64, 5702.1642120560755	681.9335581186721
65, 5833.466207235323	645.7203029040735
66, 5922.638107817022	686.7622777080862
67, 6014.404235567101	766.6686430855092
68, 6143.761764918202	755.1257852583454
69, 6308.43957382985	735.2455574882706
70, 6390.858626165318	737.3101386887612
71, 6557.708963816648	685.4516213899662
72, 6784.282633901345	715.6668904957531
73, 6834.551240975753	806.1012813199394
74, 7201.8126044202045	854.9612603385193
75, 7473.061928400685	872.5118073223972
76, 7786.6081789638765	838.7814022144835
77, 7850.322140276599	880.4778529568973
78, 8251.972828962447	921.4758377876656
79, 8422.662597619792	952.9699101841645
80, 8831.062334750839	1051.8927113238876
81, 9039.369941407555	959.0073016358969
82, 9292.019479228304	1075.6117179190703
83, 9342.269749056284	1091.6890469550967
84, 9765.58756964715	940.7518691780814
85, 9860.503630698959	1136.2475224520874
86, 9729.280479790685	1135.1289563095193
87, 9582.553517071869	1076.0239732886007
88, 9758.94167271145	1177.5857080467524
89, 9703.415466408444	1206.1651087154364
90, 9625.25674069999	1059.875859657565
91, 9433.691967356912	1112.833212930478
92, 9218.62696765223	1136.8291266546073
93, 9259.572450472726	1096.4794349057183
94, 8915.37844254399	1003.9234420182534
95, 8960.308894211912	1018.140106406007
96, 8619.009947969282	1062.3650350014623
97, 8288.805536343387	896.6265786100879
98, 8071.605737517235	936.4288431141949
99, 7847.890404377663	842.1563488969824
100, 7727.090021977255	873.2580318716479
101, 7537.847236891183	888.0221390685548
102, 7191.135607638454	758.0446941927108
103, 7061.644599981653	773.7202920964907
104, 6982.815483160687	760.3967506053849
105, 6670.274750364037	814.8485644719696
106, 6473.109542686488	745.3273959624555
107, 6402.512759126075	783.041809110643
108, 6344.1850163714025	711.3765147463638
109, 6195.788458970225	663.3948403780497
110, 6272.442542569899	734.4063290685186
111, 6069.3418617512925	692.3053505489953
112, 6006.428567016419	650.6684532488912
113, 5895.65963224877	648.7706778677497
114, 6016.336332720455	684.1631206584469
115, 5966.942915582582	736.4224287364297
116, 5893.58144685854	709.5540936031756
117, 5936.938563958327	632.9566409806619
118, 5982.603604412389	692.9221380657838
119, 5996.1373471242505	653.906734300712
120, 6116.5871821742685	661.8723634254175
121, 6066.95646361179	699.6175753840981
122, 6230.665771136783	739.5148574668027
123, 6241.973427571968	732.1766089956492
124, 6441.147192017893	725.4400002986737
125, 6496.30449566721	725.5842769978864
126, 6529.230043862882	713.858800329972
127, 6722.020913528361	773.5269404796811
128, 6831.574725767812	780.7515495549289
129, 7020.968133377262	725.6634868351226
130, 7251.986596424296	855.4920342063137
131, 7247.128290854075	859.6463093628366
132, 7563.970741133301	848.3795907641153
133, 7775.799039598404	841.7604065020848
134, 7888.187489459766	931.7375740877225
135, 8171.792729832258	914.0133003824478
136, 8105.551582176214	896.6982612857893
137, 8199.659707834524	908.2815394936658
138, 8404.770822278595	922.3209440572952
139, 8457.890203442123	980.0115276469016
140, 8533.599111536301	1047.2860149299827
141, 8398.825206010517	1041.75751925087
142, 8671.589177795264	975.1914822547391
143, 8614.582848404105	1055.8091651170341
144, 8601.891932656345	1012.8943799497703
145, 8685.58793790453	1023.1211065532896
146, 8714.241359285616	1023.0080712533604
147, 8601.654608174254	1031.7227425968629
148, 8693.295652116847	969.3577378954432
149, 8471.35621034017	1024.383947894535
150, 8384.11581618395	971.3050837435111
151, 8329.55799516173	964.8503384369209
152, 8053.840830661889	916.3430880821185
153, 8161.843838605349	893.1011603612421
154, 7905.110016591628	873.2188701687744
155, 7837.169922290753	906.5993413304878
156, 7669.713846211522	921.9516354143723
157, 7483.30540721603	801.7492908208782
158, 7144.844433386516	800.4252507405267
159, 7288.944432618399	858.8059755443152
160, 7093.268029289865	803.1759985999703
161, 6984.202594037421	754.2662309294759
162, 6907.156412271271	787.7356883617373
163, 6832.83137968056	746.0197926300929
164, 6734.422788772478	757.3016294605903
165, 6725.352500702217	768.8898259114123
166, 6507.513069006305	742.1371586619978
167, 6557.726420030677	794.5472327511619
168, 6562.649575662531	813.3180224254509
169, 6521.433355560822	744.0191498130744
170, 6419.746770875353	706.428438678167
171, 6491.330824275486	711.024553965324
172, 6416.100810138576	753.7208383682729
173, 6534.556604157249	777.9221213439884
174, 6459.4004760984935	774.0926118544706
175, 6413.158712106753	773.4459273319183
176, 6515.785749181106	735.170804399173
177, 6460.763527157416	733.861439918865
178, 6468.109134118763	738.6192843728546
179, 6566.3361490166435	723.5532608778083
180, 6516.727996531753	768.5640527655137
181, 6533.18345168363	740.6559459678904
182, 6505.749740758628	802.6251310649674
183, 6627.589173248791	751.4811443090164
184, 6577.30231513184	764.5714775020394
185, 6748.284941151688	770.6368917861943
186, 6635.065964288815	809.7833631870876
187, 6766.83203080795	789.0648080245732
188, 6897.39659173876	894.5030618488317
189, 6802.642679393931	871.3746640496328
190, 7054.295086975916	840.1205784055088
191, 7156.510859065576	813.1052781991579
192, 7075.418220239501	889.6997917081461
193, 7391.269509798233	904.6258411984271
194, 7263.071992929797	871.4872109159228
195, 7382.200716693878	937.8088233313528
196, 7575.539814968031	856.9897535265129
197, 7529.314627162782	848.4445277507957
198, 7649.919404486062	829.165475048184
199, 7718.397442404317	866.3978659756787
200, 7807.354768636569	933.8564518280602
201, 7757.344551532905	893.7758386126142
202, 7795.121299056358	867.96552925727
203, 8038.410665510075	976.2463272232158
204, 8082.732413067272	972.1621165543352
205, 8161.730060743622	945.8225114224077
206, 8178.906295402854	955.9518825947563
207, 8069.579096554224	917.4735012166041
208, 7967.041115403269	942.1222073778905
209, 8137.143364474152	897.672928497417
210, 8122.221980323463	902.3752775000486
211, 8238.527109497953	998.80510981308
212, 8101.924661172823	994.7099846222374
213, 7917.179441113764	944.448430659625
214, 8048.551665319639	940.0831554558865
215, 7796.692990019146	972.0651734529655
216, 7998.38393638436	943.2532704732519
217, 7737.881029529114	957.1603577755756
218, 7770.433636056909	902.2960588558153
219, 7784.453167225223	819.5580822385703
220, 7580.495398051546	889.3694398477821
221, 7767.860441137466	875.9795135281379
222, 7596.463031611923	885.3714349707718
223, 7561.383689094868	787.2320463900303
224, 7508.291965598082	880.3717617257806
225, 7447.649840417538	837.8607764464967
226, 7464.720496360459	918.5608141624845
227, 7447.289767992263	890.8005338593925
228, 7359.509695041305	772.313260828165
229, 7353.17025518553	829.1385120336427
230, 7204.6416011420815	829.2920532689277
231, 7310.054032441881	952.6964540704112
232, 7268.7595213732175	833.618412465589
233, 7295.254759408619	737.2720543749055
234, 7320.98174921598	778.1840790292355
235, 7305.973974472241	837.6666516793254
236, 7426.352895380979	886.0430720642681
237, 7422.007898801941	849.4582194422401
238, 7513.688116390106	725.5498424055855
239, 7505.928711507409	870.9548326387347
240, 7545.251140146647	902.0282641049639
241, 7477.846501812396	918.233665418985
242, 7657.36400163076	845.3948455139538
243, 7733.114841721365	955.7509470374827
244, 7761.859734060771	915.8637974952989
245, 7740.025731273493	891.9848725861015
246, 7910.323757549881	971.1682143800024
247, 7867.226545682294	950.7992492051859
248, 8043.05406584942	890.2664376861834
249, 8243.983421844496	1076.4493516242758
250, 8487.572922079327	953.5895736233952
251, 8582.16098786279	1071.145629367464
252, 8614.110575867435	1050.4714028740952
253, 8861.923811191882	1010.228164486099
254, 8967.220647878623	1030.7002100790623
255, 9087.422714235854	966.3325217007961
256, 9298.634950568738	1100.4695410352492
257, 9547.953283789944	1100.6408294402677
258, 9520.16327786904	1149.158537376706
259, 9745.124702324523	1161.316433573998
260, 9782.042023053038	1093.796405535477
261, 10030.439773635884	1165.6470106748825
262, 9994.945759209062	1177.0849748110352
263, 10173.862409411044	1214.5926903308182
264, 9956.047721037798	1224.6844272364472
265, 10156.856710200303	1075.7357789507562
266, 10039.527947255398	1172.2963788056977
267, 9933.169811620406	1103.9384569669764
268, 9592.812621380768	1160.8191351364567
269, 9608.627068944374	1194.224801460902
270, 9480.056961419778	1067.164884588188
271, 9204.831512167793	964.4917189016012
272, 9281.494538053686	1057.5284995878635
273, 8869.903820181911	1009.6150541275343
274, 8801.254435233344	1036.702899005965
275, 8602.152077755654	1018.1937356773989
276, 8507.804177535218	1020.5143463546693
277, 8301.794903277289	994.2637129569845
278, 8057.4353925427085	900.3170236114483
279, 7912.3026528388355	896.5292333180851
280, 7836.4604037521085	859.4863939626157
281, 7628.11119641373	893.859938554474
282, 7434.810543847553	851.9127733558842
283, 7310.694699625126	920.2147738882
284, 7277.946027855054	819.866772633394
285, 7064.491527760312	815.5771601126228
286, 6887.795127818258	729.6793359376024
287, 6858.259566946271	767.5642509476685
288, 6808.6582961911245	782.7902935263595
289, 6644.864189132129	756.2888449385879
290, 6507.910470736368	707.2482984443825
291, 6365.750838060548	752.4416318662201
292, 6416.619546030258	682.4959493756278
293, 6290.087410032626	737.5851126251254
294, 6298.186943059738	744.241162914666
295, 6156.181858259584	722.62025583154
296, 6100.22648815232	752.7154175435277
297, 6175.190173378305	764.5632343584385
298, 6073.171462898303	673.2248825370469
299, 6079.688192275051	721.1147370847306
300, 5980.473129843087	712.5610865555944
301, 5941.811499573809	731.5549457195929
302, 5938.108376442327	615.0298344354736
303, 5896.521388457914	666.991454588102
304, 5954.2361720165345	642.2413923251827
305, 6001.867877252082	629.7404935252483
306, 5941.55467710232	663.1670197374532
307, 5991.944915948965	631.2100036540376
308, 5937.819462341987	691.8188444060097
309, 5922.270770861975	676.7988059150534
310, 5971.002027882754	704.8652535418806
311, 6078.7144339755805	682.0310209368599
312, 6160.002215153543	715.7796823797464
313, 6069.256885218853	678.8042470647244
314, 6260.174673444204	762.2411517008466
315, 6321.851043657513	714.9566924344164
316, 6394.355965742026	717.3290215358534
317, 6407.052767851454	715.0259999201427
318, 6452.598255050675	775.4826336999342
319, 6363.458007695835	770.9267420588462
320, 6444.16697994855	695.4123574728945
321, 6579.916405365261	753.2054486767119
322, 6714.528305201305	794.3871267586733
323, 6732.564930476294	792.1853689989412
324, 6787.834582763059	754.4980147495443
325, 7058.082614678105	837.4120930492217
326, 7160.746926668206	778.6720086500613
327, 7340.800902956722	867.5070985246143
328, 7589.94703709121	826.3634541411215
329, 7672.938982710293	937.7940696375439
330, 7801.426135771215	987.8955168077189
331, 7953.39649659854	979.460392315907
332, 8177.275817991187	926.8372312543985
333, 8303.020861585028	981.6664211954102
334, 8476.469724240449	989.0287703621999
335, 8567.28050304161	953.9766615509856
336, 8895.659537483169	1039.1191324502472
337, 9069.742609654566	983.2010880645893
338, 9069.440067684272	1043.2916321966084
339, 9170.304353521211	1021.6649137005081
340, 9311.963290970092	1016.2814605213941
341, 9392.57255765805	1174.7542166916548
342, 9656.242605894906	1087.6906093439995
343, 9761.623276593167	1120.688948925729
344, 10015.158690930546	1044.2858063562755
345, 9830.560872216056	1162.5755033783205
346, 9853.262470252397	1195.3971906707786
347, 10375.077833405778	1232.9214469837107
348, 10247.052334826876	1228.7843893962422
349, 10362.51218527319	1263.021170539002
350, 10400.883931384074	1310.931331418781
351, 10171.196925783175	1103.987126374083
352, 10004.882325700535	1104.106369876326
353, 10025.733427112404	1118.5782707835847
354, 9749.735446164166	1198.845481394327
355, 9534.114232966878	1130.2003433346365
356, 9422.512263705292	1157.471592141906
357, 9209.044767311461	1080.1719645840292
358, 9092.149099582855	1106.3882707539804
359, 8998.238383065238	1045.5683213881284
360, 8666.072608637469	1007.4952936852465
361, 8698.548110514515	1006.8622509488323
362, 8515.539082096204	929.2850286719678
363, 8104.3814981302285	998.9926121421389
364, 8008.983854112218	888.4800333231051
365, 7896.793918892127	929.4451685134368
366, 7724.472502829317	923.6475717318841
367, 7636.298334471174	885.5766999344212
368, 7383.361639976316	856.0827210461973
369, 7420.874512465259	802.7899042243538
370, 7316.5267816346295	883.9890204941332
371, 7028.326824447152	818.0520773491949
372, 6959.7048659911625	774.0997444651533
373, 6874.28388509098	768.8197330116919
374, 6875.413985506111	762.0455361777034
375, 6838.687636709859	773.6922953488603
376, 6719.62962298865	669.8260548041193
377, 6841.088557217005	781.2358856627552
378, 6697.730980952258	739.5811866839625
379, 6578.316334729324	778.6964275624385
380, 6487.854010644119	740.1032685668023
381, 6551.956575366069	753.3602131126114
382, 6504.444214363372	748.9830366762127
383, 6386.815997703677	736.5552318460975
384, 6466.4112485297	787.5993993185942
385, 6431.507822630044	747.4881414615786
386, 6309.998523276811	770.6028596644338
387, 6335.474985957662	726.5665705338916
388, 6347.856274041163	688.0997876246978
389, 6450.987688194211	715.0911786852262
390, 6381.123802175979	711.2132772597689
391, 6303.104278570222	767.6041961238027
392, 6363.734485721016	743.4530193076656
393, 6433.437344260714	660.1524103155948
394, 6435.186832675392	795.5739337350769
395, 6430.707173722106	754.4744211971771
396, 6560.3399952490745	816.9129434601763
397, 6591.453962919426	797.178525230686
398, 6553.806304339196	780.7217846675179
399, 6650.546177997566	770.1846151092475
400, 6679.814809558718	808.8010799690951
401, 6724.564798247106	738.8023404594613
402, 6742.695866714741	842.5236079163907
403, 6799.243001763872	891.2802489671491
404, 6933.943075035617	779.5258604064446
405, 6958.717131580005	757.5223680457109
406, 6984.712403959699	741.0301515018485
407, 7186.041003158755	835.447968756245
408, 7117.077045278257	796.9511540912514
409, 7255.716001663134	897.0886705900822
410, 7318.6497520818975	839.507331716843
411, 7323.646152638472	881.736382168995
412, 7567.47604400754	830.9423086012034
413, 7858.505066690069	880.1368844334294
414, 7856.60192914888	845.0381425741149
415, 7951.223895273274	916.1546620845407
416, 8102.864443730981	1028.444785713599
417, 8106.428691579892	986.4463666277013
418, 8315.038216280716	871.257707064702
419, 8197.622656373438	975.7626911236523
420, 8376.812663223749	994.8935881791831
421, 8547.020679761996	1007.8791290047174
422, 8400.419113924485	1002.314252290188
423, 8633.632953505421	992.7435857340365
424, 8621.451480577844	947.7909438809694
425, 8681.632144356821	968.3601083018964
426, 8796.50997797797	973.4584785940291
427, 8385.625854385506	968.8416779683945
428, 8370.108444792046	980.4081669130475
429, 8420.162338129385	894.3305969631537
430, 8191.2565509211445	996.4828246894248
431, 8049.715990409135	1028.7717267001622
432, 7971.782069246433	918.5492630756543
433, 7866.049039424918	980.0991134385023
434, 7693.456331981362	912.562013579396
435, 7617.090826625809	892.0328657794954
436, 7392.00699531283	913.3862012129059
437, 7417.615328690917	819.1388929196476
438, 7320.277781906076	866.5619682177622
439, 7157.120733668882	882.4152800974272
440, 7067.593674789094	836.3995781792307
441, 6932.586568551722	794.4341922010626
442, 6811.200329713201	807.5577938888063
443, 6684.122270768283	722.3128066864551
444, 6593.283667993696	847.1360784305273
445, 6735.724714595614	749.5685334226009
446, 6483.322310339188	741.6559878532325
447, 6397.902827114215	744.2707285792504
448, 6340.251494862743	721.2830458074164
449, 6281.582134185391	737.3990181663478
450, 6363.011257263684	660.5531381629872
451, 6293.090936101815	688.9233577277777
452, 6220.0470404045755	709.0145078972104
453, 6142.496031424156	692.5129842056365
454, 6114.437206968405	702.1923623111022
455, 6085.764882722315	643.3118795429663
456, 6048.040002599057	683.491231899096
457, 6009.04834559809	684.249350870719
458, 6043.689849952404	706.6322247272157
459, 5969.691310304886	694.9203599580937
460, 5949.76367116445	701.6155135129378
461, 5965.482074614329	686.828269274139
462, 5947.919864212087	664.9814684699783
463, 5921.445048111201	707.9469599174951
464, 5951.216549203369	713.4578164261237
465, 5934.644844432301	653.8083775891927
466, 5946.823038610171	680.4470054665447
467, 5927.102426830059	740.0034350410878
468, 5871.1404651051125	646.3317784846488
469, 6111.768183748082	702.6793440779815
470, 6028.31134899495	688.6454016590988
471, 6060.156242554265	641.8215749958896
472, 6017.733250766224	669.9104403197217
473, 6013.6736285757	712.7072281349191
474, 6157.141536134134	691.7493136254893
475, 6198.046734158368	664.8022460945986
476, 6300.8439258315975	724.8952928980289
477, 6298.502014038392	741.6014086201493
478, 6463.762695609476	717.5765622370494
479, 6463.064199135375	722.7313228309474
480, 6504.847037568401	698.6706452400144
481, 6612.353711653618	762.6810708169827
482, 6728.100370318602	779.1197084433031
483, 6769.227850517736	824.3912755504874
484, 6844.814712555688	757.1741318817881
485, 7043.760262672242	832.3898936748467
486, 7134.265497269344	839.7968154759137
487, 7327.8421676194375	881.0681286159647
488, 7473.948883468462	892.9546290568248
489, 7406.322599199624	892.3658998859994
490, 7483.492172989405	884.0501059748968
491, 7677.229454373316	926.5768661049036
492, 7912.680641165571	939.94529089627
493, 7900.690628826463	868.241382882767
494, 7956.9204632493165	854.6182236223308
495, 8127.789376977048	905.9515439959482
496, 8077.875434931993	941.2698021102284
497, 8095.698955409859	964.631853524035
498, 8081.773488815554	919.8191305950122
499, 8099.738132507233	1014.8110866207163
500, 8147.160200463998	913.0155615930182
501, 8208.321917306095	1004.610110082471
502, 8110.559005631719	948.5042203080698
503, 8310.335499015066	905.2410897917944
504, 8199.773436897036	980.3533776594837
505, 8333.320325943509	937.695560515383
506, 8292.961924566567	983.6898383616788
507, 8326.54031513109	1006.4522824821242
508, 7997.263845101794	928.2791829136015
509, 8196.126076116261	887.9485296120748
510, 8021.87364628913	868.321026515265
511, 7839.703071251622	885.355206894916
512, 7648.391273845963	885.3749797297014
513, 7686.970844384905	930.4261413682791
514, 7552.807404661023	804.4522334986756
515, 7493.489575508178	864.1613653142691
516, 7431.833880866363	867.2961371894521
517, 7150.6666557073795	832.3399693073175
518, 7097.964125068767	884.7120025509548
519, 6996.007224925837	861.450878766783
520, 6957.46603457467	772.3727730826234
521, 6772.218631259571	782.139046850762
522, 6633.891659839328	778.9358465939359
523, 6639.441544540976	760.9849524946543
524, 6577.611636725163	803.8828973817392
525, 6485.177397025414	734.4173147735299
526, 6418.360770601957	719.2826630764322
527, 6453.5416303467055	704.9425941155014
528, 6373.323406868815	650.2309561361147
529, 6233.735745799386	698.7065631949041
530, 6225.270882024534	740.1306892112173
531, 6095.206001342234	725.2904317040344
532, 6162.647072434409	675.4789310439836
533, 6015.938825087959	660.4978004271809
534, 6015.100025245729	702.0014429897359
535, 6008.535414965605	714.8163274931154
536, 5965.163497303524	711.4881020665133
537, 5977.089719069509	698.6869805708174
538, 5975.030960102891	779.5316101144933
539, 6058.347417047375	710.3976619094186
540, 6010.359628335719	761.6255911051462
541, 6078.084002722203	709.9885923372738
542, 5963.090821616196	683.6884219438563
543, 6042.816655153617	644.8147332816973
544, 6015.5325085678505	657.9126528248275
545, 5990.712877694815	678.5411307241296
546, 6064.409867634881	659.9931906221102
547, 6051.798837668796	627.520597361789
548, 6123.800594174066	735.8601576824252
549, 6054.154222218765	664.8676015827884
550, 6149.456420028473	724.3434505024677
551, 6148.70695190461	755.0168718508522
552, 6144.437552082948	710.7364980755499
553, 6177.291271473769	689.3710993500093
554, 6249.056058435382	689.2220933848429
555, 6325.265321293832	704.7751535294828
556, 6413.561167619717	671.2308397699165
557, 6487.566557666709	760.1625186212722
558, 6510.080903880228	750.3332291187608
559, 6470.217015600207	751.7477603599443
560, 6536.671686578532	806.1037671385153
561, 6713.476839341628	774.2274917087336
562, 6869.780273068375	734.1935586367766
563, 6938.0479163813725	826.3823399881668
564, 7120.357063477583	773.6767125495415
565, 7217.258467734047	786.6656056470858
566, 7222.29509064155	914.2729863038908
567, 7370.684475250067	920.3191985324355
568, 7376.589697006546	899.5777489049883
569, 7559.672506664723	903.1970803842487
570, 7711.2294518531	859.2885770909777
571, 7734.611838197355	885.6224281891002
572, 7942.788712344783	909.1674913282153
573, 8044.2065658046995	884.4734975720728
574, 8230.210704676692	963.7963556364436
575, 8360.830701017247	957.0044100217452
576, 8448.621310266293	968.5404461667616
577, 8720.764472150018	907.1507356701736
578, 8561.411233569075	1059.2618877228495
579, 8883.684052100274	1041.3528563243428
580, 9038.244331130009	1041.7540090153104
581, 9052.484210554983	1013.9972988354824
582, 9024.618061161438	1032.1936844679758
583, 8948.544461567533	1088.1278871191178
584, 9049.258351960783	1008.8321747994995
585, 9183.666286548287	1046.734098521458
586, 8786.699995818559	987.6051268633247
587, 8823.248903144307	1048.585870977854
588, 8789.827768449835	1045.3635455713525
589, 8595.218109660582	927.6068819973664
590, 8547.313344298122	903.3763700793961
591, 8399.816890667224	971.1349451346374
592, 8288.320891964588	956.6500849317916
593, 8215.309587257994	954.8096522175039
594, 8036.279172512627	910.9854710541044
595, 8052.997902218459	933.2422657664908
596, 7722.085060502537	866.3375470068839
597, 7807.210634402607	895.3360890113204
598, 7748.531841180846	810.2761585894932
599, 7493.682477064788	772.7476523676638
600, 7523.444503769214	794.9254733429235
601, 7381.851175631481	844.8232362455803
602, 7183.639507692913	849.2780444089382
603, 7226.7651550832725	906.811319669266
604, 7094.826939192273	819.8353323906504
605, 7018.7074533950545	841.7637323247856
606, 6971.033578603668	815.5725345236265
607, 6850.321734306306	798.3867127543328
608, 6823.645746092456	792.7998388075497
609, 6758.798773318953	741.8702684367465
610, 6638.303741008639	858.4919166759972
611, 6701.964297692496	745.1797342516361
612, 6570.706082725344	760.4073352258595
613, 6664.9691557284605	746.6577137376787
614, 6460.8513447059395	757.1721867754907
615, 6620.270997068271	732.3264155078391
616, 6559.268107599733	760.6426988332665
617, 6549.464899602777	735.1859522018801
618, 6489.483673416603	761.4240747740384
619, 6470.713140428348	741.2115202636974
620, 6503.724625428641	776.8987189510017
621, 6453.262208680981	755.9868080069906
622, 6489.320818849468	680.835732891486
623, 6519.8243725048915	725.3871943835918
624, 6469.528327617384	740.9666132661241
625, 6485.079018193602	702.720302763277
626, 6566.394092086671	671.698967729028
627, 6579.105466479051	761.9473906264144
628, 6591.739475883943	788.8395201363126
629, 6553.918835149737	792.7005494285029
630, 6697.944570266429	758.7343724069968
631, 6603.634858712224	760.5390215225361
632, 6666.473732400083	777.9988292935465
633, 6651.4685606069	798.8871418090764
634, 6808.8678325683195	802.0790653272061
635, 6869.371500176022	847.3842821552813
636, 6820.092405249491	754.8668717216514
637, 6909.35555846271	824.566141075488
638, 7026.6986781500045	846.3985797842847
639, 6959.678888130569	771.002808107282
640, 7246.091007777077	863.8987167086967
641, 7150.273779862115	803.4608756498243
642, 7172.003668692306	816.8443023395342
643, 7266.392332770351	870.0362506089592
644, 7354.413642769247	769.4123390181255
645, 7477.816178803386	823.6121568542505
646, 7585.777253526659	821.2366051179486
647, 7656.968049843544	844.5718008495511
648, 7687.981977711455	863.8768071731918
649, 7765.010364374716	883.2986415494729
650, 7987.0024983276935	864.7957433715625
651, 7935.86250273944	951.1583654346049
652, 8037.250195704987	918.685551256206
653, 8163.180849919109	1006.3831976254043
654, 8477.238535491493	959.4745022720161
655, 8379.724725861903	1036.3469237145296
656, 8633.544438678506	1038.133381817948
657, 8857.942863613667	981.8044282418256
658, 8777.616737373857	1012.7073049247148
659, 9118.147328315217	968.6854483128211
660, 9343.395989243805	1031.2365815418316
661, 9488.25691386329	1133.5207889298504
662, 9606.145385327949	1150.4905493850156
663, 9922.685867407683	1179.929267662004
664, 9971.854615350805	1216.7936237669874
665, 10267.5441709527	1229.6635353185106
666, 10276.544794706131	1194.301807285002
667, 10488.03311619052	1133.7737916446615
668, 10664.612758189432	1194.9403076135866
669, 10776.085478980816	1213.1176214081722
670, 10869.999800672469	1226.1223862254772
671, 11027.741688229662	1280.8595031263924
672, 11238.957287125055	1313.994979458941
673, 11178.983462004644	1335.299434479628
674, 11420.707417164209	1252.2747019469464
675, 11693.950628894157	1305.3959022844215
676, 11712.724569996937	1351.462332455039
677, 11505.25145092718	1247.6002897656308
678, 11700.830087057688	1397.3220377499254
679, 11360.294004147636	1322.2816211523752
680, 11006.819700955328	1279.6902684160027
681, 10635.30336480061	1235.2786510212427
682, 10456.831303577193	1147.4819376495816
683, 10209.950168338719	1112.0476811359035
684, 9821.683008518214	1117.5751308230535
685, 9731.585613504136	1089.8954232433614
686, 9387.882948249344	1183.3472687551707
687, 9173.887045787806	1056.8187498153384
688, 9045.358197806569	1028.9318918090285
689, 8784.156082693538	1008.3399374872315
690, 8437.319896694484	1025.6590202201828
691, 8347.79762244764	1002.1273065693678
692, 8267.332690332332	884.813035613648
693, 7928.246114490812	929.4644824587986
694, 7732.515290091803	867.3722475502434
695, 7609.025287547906	904.5867666619387
696, 7542.317840317627	894.4832843157117
697, 7305.814555439568	902.4445505761719
698, 7197.351628296841	794.581519804526
699, 7063.5839045543025	782.4014427994015
700, 6922.364405661804	766.405159647665
701, 6711.537101679612	828.1656508423297
702, 6724.887147739649	819.4111206033263
703, 6775.665838036544	788.9730362114428
704, 6531.7807830951315	778.096947054491
705, 6586.6166086284775	768.1562921198775
706, 6489.66679796929	688.9168154125102
707, 6430.7075344012455	771.7568437784985
708, 6266.768806486918	770.8857193027377
709, 6172.96978622879	685.3744205021965
710, 6102.530308584307	741.3411239148544
711, 6021.405530611535	630.7369296048487
712, 6029.334720658023	711.896190650801
713, 5948.32349598466	681.8357627026355
714, 5743.722070983283	660.7711813534631
715, 5922.415636274757	631.020846204678
716, 5762.641583380603	622.1165471121906
717, 5686.176207752631	642.7366759273557
718, 5650.218019916936	598.5583459739012
719, 5577.698393251802	606.8129834197747
720, 5443.070115839742	684.7298980074146
721, 5507.723736467122	660.3414516400288
722, 5416.818344326622	680.9345345620089
723, 5324.362982092025	658.8687337060866
724, 5270.422487121922	567.9583577482279
725, 5303.574723976291	647.4848953509036
726, 5341.027200283672	606.8246345745202
727, 5250.652285472009	644.5793656868883
728, 5244.860428277458	634.6134681647567
729, 5205.117704508429	630.8001427194886
730, 5105.316746420528	655.3110914529085
731, 5183.819374510942	636.325886445974
732, 5188.316749290832	604.480068430008
733, 5230.881196395422	576.7697731659983
734, 5146.368137450221	607.1652639836866
735, 5191.055138834827	611.8497185087988
736, 5151.077902732407	586.1568182464767
737, 5249.046010629069	583.8113258151902
738, 5323.233606149687	607.4939959680738
739, 5300.457592009483	615.4486792962211
740, 5322.490438187748	620.9949440643294
741, 5338.747195375701	581.288794578969
742, 5374.496724194521	514.5841617172846
743, 5306.49580375598	560.7527047367043
744, 5372.651022373461	594.7475531258926
745, 5403.4007806889285	601.0022207669541
746, 5501.186118284068	609.7543925296087
747, 5528.714053129456	615.6883861677238
748, 5645.628503128218	664.8713338083492
749, 5580.683359358692	682.7042721695008
750, 5744.1848223447	710.7254875086625
751, 5774.011693878106	683.9596949546682
752, 5893.6405994141915	664.7420179534658
753, 5975.909090261713	715.1025151476928
754, 6019.317944241514	704.0851827493781
755, 6011.365217270717	676.3301528480066
756, 6207.540733607656	719.4249720168515
757, 6203.12928214779	729.0481163049506
758, 6255.818717255979	696.1661714850933
759, 6384.933915620731	740.4823302274556
760, 6533.677311498755	847.8608744539921
761, 6560.924827662304	768.4239645499295
762, 6696.291484242801	680.9320391377615
763, 6915.427099716769	833.7256691992743
764, 7119.284978813308	861.4206686886127
765, 7277.721301166275	802.9794317360535
766, 7605.001418464841	885.7751325083686
767, 7792.523087617247	813.8371749049488
768, 8195.781782343618	928.439963101177
769, 8422.448672039329	1013.4102253801277
770, 8659.97480177626	1004.5934702130999
771, 8750.683152842024	1013.8910256914071
772, 9232.395302418014	1070.211709262404
773, 9578.47912969213	1071.186634536123
774, 10179.891404419228	1078.515124570906
775, 10376.529738818057	1241.7208869880624
776, 11072.457924229999	1275.3376511889755
777, 11720.113307772712	1223.9188476830607
778, 11922.60509710658	1419.1525927400219
779, 12616.48916230624	1411.323973418902
780, 12830.735143229907	1444.3362154720646
781, 12604.889999403844	1398.8995048998286
782, 12556.399788632607	1375.8170249680024
783, 13123.245689663787	1433.2859760505212
784, 13568.651311511729	1552.67632174107
785, 13439.010537471853	1640.0756038698999
786, 13404.085987982131	1474.7985197126243
787, 13379.70254106583	1552.286913910536
788, 13499.427458688238	1568.3531941816789
789, 14025.362329920223	1651.5017386236257
790, 13637.60655279572	1433.5873113119615
791, 13340.040097566538	1573.4823924579302
792, 13180.976659489477	1507.7359276375742
793, 12444.346827336965	1400.8201192706622
794, 12072.56377660335	1307.3004754075198
795, 11694.084069731902	1233.5303202756472
796, 11253.502325081952	1318.476410896236
797, 10576.82781440749	1297.7701662252896
798, 10264.52677875377	1121.9015208236428
799, 9927.139318696538	1088.993767199933
800, 9684.23974668627	1152.57494187833
801, 9341.552676262763	1114.586925048038
802, 9086.124217558669	1065.8018224361745
803, 8747.212455498566	975.663856920744
804, 8559.112974079535	958.0323476039359
805, 8319.973168635408	872.2736918397889
806, 8186.106417743281	857.457029955508
807, 7823.615868172291	952.415906393608
808, 7735.713311696561	920.8717387069747
809, 7531.080230047742	892.1893253402568
810, 7349.960933823789	759.5801630685552
811, 7031.930020284717	855.1401973229359
812, 7002.749213408676	781.6673474032157
813, 6814.595451060579	771.9245330273029
814, 6714.205730647526	841.0272019565338
815, 6688.092583802074	707.6834716168298
816, 6537.640674594809	735.7437150840542
817, 6551.7639442669015	804.0550706589446
818, 6342.266163928908	737.9253518833934
819, 6137.016381614753	730.585082744735
820, 6092.259329761718	739.5598274912493
821, 6050.281010468318	705.9127873637239
822, 5825.909883617884	674.4520747982864
823, 5792.601210406974	687.5572390791934
824, 5713.18417991539	634.3133895395074
825, 5611.367040226046	642.6319835783531
826, 5676.819874574194	653.1177930498603
827, 5686.741240960767	663.6386466898804
828, 5623.300691060176	641.6076935210941
829, 5557.5838257279775	675.379363272611
830, 5551.81751383965	641.2004398816572
831, 5478.688040897028	622.5681003049442
832, 5404.37961676642	632.9700161135714
833, 5435.103062573934	611.3494604966249
834, 5259.87233649634	600.2848509660117
835, 5287.7443116563	646.6398555736588
836, 5225.345532460655	622.3384982117119
837, 5264.982044789163	582.0712080379369
838, 5210.118083354384	559.8966362928014
839, 5171.708546106757	630.3274070759871
840, 5051.976032826877	562.2120494596337
841, 5178.302830876486	644.5019807916979
842, 5103.493564014994	632.9631727718058
843, 5058.1042310732155	575.6984637628829
844, 5094.940933881641	557.0618207045102
845, 5076.6989864681545	574.8602695247031
846, 5019.748929458349	591.5212516489283
847, 5113.641005550811	578.2571663832488
848, 5051.290502369748	587.7385577648163
849, 5068.016386821694	580.5535680831646
850, 5035.93742350482	577.6083841841383
851, 5058.611436738859	570.5192797001299
852, 5094.062194752401	569.8898713659399
853, 5220.710676233239	602.9681148213649
854, 5257.51399316899	595.7094326459563
855, 5261.553129571522	544.2908469835286
856, 5198.468325013672	550.8898483787733
857, 5243.824036029679	640.5115035637608
858, 5257.355093841087	612.9431370511891
859, 5305.601361720705	595.8845215610096
860, 5421.701243847375	653.7464836951315
861, 5400.809282110635	652.4959617047477
862, 5517.475906299484	621.2662333911934
863, 5630.322583618364	605.1205743342551
864, 5600.237765688488	672.9511208793108
865, 5653.834707722388	683.6030061451836
866, 5794.8044822801185	639.9147648712845
867, 5781.091207696028	635.5375219914216
868, 5917.661023535467	622.8773032381418
869, 5934.232163407998	720.4034274140522
870, 6070.928494979301	719.0343546230777
871, 6085.271135046259	688.5242474648312
872, 6199.317987077081	701.4064388092007
873, 6433.850004788821	711.657835642095
874, 6373.127479272402	718.4507917825792
875, 6461.9317178378105	716.1443382969169
876, 6519.453228248912	762.0448997405459
877, 6733.246271972712	704.0953229143231
878, 6954.9235822985565	832.3776581342173
879, 7197.529296159886	853.3467661160045
880, 7345.452749041529	902.3865849497546
881, 7449.680257220957	879.8898999892237
882, 7763.138203369505	906.114757499232
883, 7963.824890162777	928.9905876986296
884, 8105.942462149666	971.4323016179877
885, 8403.006981847166	944.6673578402979
886, 8820.978219985254	971.3108512094573
887, 9086.553828997361	1169.6089181425257
888, 9508.761718946576	1151.220837297732
889, 9637.173395458158	1153.712699885449
890, 10197.604916301543	1144.3988700276852
891, 10447.88357726917	1256.9318740420224
892, 10978.07850013987	1169.7988681404634
893, 11426.236076077046	1365.7915449465706
894, 12111.754515435554	1436.025595300198
895, 12517.754547428012	1415.1939125835224
896, 12899.44224143906	1542.6489289059396
897, 13410.833975161355	1714.837663365933
898, 13392.042408150717	1555.902912201181
899, 13667.742131065232	1586.1585804934045
900, 14394.423126093265	1644.195817532573
901, 13907.386548321314	1658.1765993916424
902, 13491.255576575826	1667.3190127742714
903, 13492.384625889863	1649.5455631442524
904, 12998.787992805524	1582.0775696818548
905, 12526.150981717221	1378.7787931558262
906, 12117.968005801902	1354.774011614741
907, 11659.762272951171	1285.0899867892228
908, 10965.680508562275	1289.867791948084
909, 10920.573054318469	1288.2148601654133
910, 10547.867091236158	1187.3060193779947
911, 10057.315830234158	1233.135373809668
912, 9738.95387726053	1240.7638517510193
913, 9474.642062655994	1130.447992680921
914, 9088.915922400745	1084.6058769695924
915, 8685.678261633255	1020.9950079490176
916, 8693.346995565313	974.4681031330217
917, 8389.893827788526	981.2534513826764
918, 8255.6455097249	902.1421067884505
919, 7924.126665429145	929.3103244988895
920, 7724.763526339457	789.1487456701994
921, 7583.481706154433	878.1190053005514
922, 7238.197133697329	842.3199500414029
923, 7184.679747918469	882.0477788641873
924, 6921.454221275361	830.3829005624723
925, 6841.464180504421	735.5835193155187
926, 6706.246804970183	768.5774354192165
927, 6525.143943738851	750.8830940300519
928, 6330.119262572915	743.8670658170975
929, 6331.245924211814	717.3313591938521
930, 6113.664266648968	718.969633499942
931, 6209.900400381783	736.2527531829821
932, 6120.348087827655	664.8509372806019
933, 5963.135633766908	690.9247396582691
934, 5876.719143069187	651.4113202851196
935, 5866.828264301866	647.3170981147035
936, 5798.678665000052	655.0518796196252
937, 5742.894793288765	662.1420260817997
938, 5698.76146937666	644.1340676253973
939, 5604.03752023527	662.9682484031863
940, 5622.373983950177	675.0543986880872
941, 5587.857520254303	641.6439904547526
942, 5475.041387811952	636.1728768970456
943, 5533.888439389819	615.2321615314538
944, 5447.954439365586	614.4605524775695
945, 5475.822876819585	593.8586208265292
946, 5430.804159584758	628.7008630648344
947, 5417.104798209803	636.3211363124325
948, 5471.426087660761	618.1279386815987
949, 5516.743875572376	672.7212713061551
950, 5464.7517331969075	639.5490256104865
951, 5556.659982469109	621.8342181674868
952, 5551.211530015094	620.1135784041506
953, 5609.760707017195	660.0900338096928
954, 5589.3060696731	643.8920873487355
955, 5765.097543741501	625.3691408106985
956, 5741.364192481292	674.726902242153
957, 5792.81729685244	644.4391931497681
958, 5779.42254973296	664.2231667061767
959, 5971.99905403247	708.1069240548609
960, 5963.32151197133	705.5430508175937
961, 6093.7725630105215	714.9759545808104
962, 6044.652204508497	680.0553715735908
963, 6293.23846932366	681.8051632103234
964, 6311.872997387226	773.2450682191356
965, 6472.462909283538	759.1853455430661
966, 6517.901186839954	710.8839874968651
967, 6753.048318775655	730.4498729053743
968, 6758.479806980046	763.8275364076982
969, 6865.12570002348	834.6613627043926
970, 7054.135973307651	806.8866165367418
971, 7189.780785317547	791.8482089199491
972, 7339.424684767676	926.5505105279566
973, 7520.545099933897	868.3127054036275
974, 7924.130516690255	859.5139301495332
975, 7995.550749265565	853.0864832069127
976, 8382.037696595755	970.5414841749855
977, 8460.005039914406	968.5996412479549
978, 8885.560746097206	988.1324207540246
979, 9042.561454473935	1066.3166734534811
980, 9327.03271551441	1150.8896840995894
981, 9854.11208218173	1085.0375971566248
982, 10236.497878994007	1138.9908755903768
983, 10453.953740333489	1154.6236625468525
984, 11050.781481458398	1267.9047353330807
985, 11586.73291570774	1390.4042107142443
986, 12059.177282703007	1488.7478360894584
987, 12477.74304053843	1567.3509388357459
988, 13107.042718524079	1433.7559670816865
989, 13275.472108255142	1518.2228032634837
990, 13124.505938358729	1511.8187768629473
991, 13136.0057698594	1580.686167638913
992, 13437.34231228628	1320.261417428916
993, 13306.984784597347	1545.9204688846432
994, 13421.19683701831	1659.2941218842416
995, 12690.81983298598	1538.2992886339073
996, 12242.635316787295	1479.5145366350014
997, 11753.286326733385	1295.2276407803797
998, 11384.479531695215	1308.7456484705094
999, 11155.996966066232	1370.316588031202
1000, 10514.637465286254	1274.5578805623732
1001, 10165.559580024043	1179.0972318205388
1002, 9878.867894237937	1134.5703726546406
1003, 9372.597831288162	1083.0745099609717
1004, 9171.167220920075	950.1311874304727
1005, 8712.935350003292	983.1240490737146
1006, 8457.855173976252	936.4152942854533
1007, 8268.818216791911	955.2592489020726
1008, 7904.4448108666675	836.7240349217642
1009, 7800.251550141281	817.2459963028834
1010, 7484.64865206211	855.8389257795533
1011, 7278.028417556149	879.7280551509585
1012, 7056.54112912372	805.2361172876355
1013, 6871.359570011796	858.2158891723171
1014, 6796.761975524059	816.8210613505737
1015, 6605.380576690445	784.9892705681835
1016, 6505.052997011458	630.3284198631726
1017, 6258.5958557930135	747.1529777160405
1018, 6297.160670458326	711.1118580817555
1019, 6072.890544156573	679.7108532602757
1020, 5952.130494665892	689.9436078020054
1021, 5948.180198373725	672.4108212110899
1022, 5698.016407794856	656.5028707910441
1023, 5653.003033394866	695.711781324777
1024, 5661.795501947738	670.2309551380279
1025, 5580.568515133079	660.9140435580882
1026, 5526.468052190264	632.8350791636772
1027, 5438.808187105856	609.9613366187676
1028, 5501.486919976385	649.9174646894869
1029, 5312.1014546681745	652.7228474732929
1030, 5351.445885566957	642.305813916887
1031, 5364.119152239586	649.2886817623689
1032, 5251.625781261994	602.5249573160718
1033, 5231.206181389133	607.7172231845134
1034, 5166.874183055837	604.088045846349
1035, 5269.304522862019	614.9545005961435
1036, 5170.6441488627615	573.5721677681257
1037, 5174.867018033769	608.3461074158008
1038, 5246.094420367215	600.4963580022182
1039, 5215.964920758187	581.3919302210998
1040, 5204.074533444836	574.4010455720774
1041, 5291.4775692542335	601.97979802539
1042, 5321.004482820882	632.2373294398939
1043, 5340.041404469602	611.6405313086275
1044, 5396.120314744538	628.7138752583903
1045, 5430.103830430975	619.895802617483
1046, 5407.496243039651	617.3366081848086
1047, 5501.047325972886	627.4189260331002
1048, 5623.269687005122	587.957032602922
1049, 5665.646765655134	659.326033875177
1050, 5713.817872195571	630.0396744238527
1051, 5808.855998542225	698.6530229243264
1052, 5860.751465803482	698.8199550842302
1053, 6083.324098860292	717.8045030295892
1054, 6219.425069077636	640.7758468785183
1055, 6366.195504033568	713.5562514938326
1056, 6472.824160798239	724.0123820382663
1057, 6668.180148954819	733.2318273575503
1058, 6999.051449696842	780.2323297206711
1059, 7211.918751912753	801.0306296696843
1060, 7495.128902832095	902.128133566312
1061, 7702.62688581206	819.3348179774715
1062, 8176.250105603424	899.087782084108
1063, 8445.725518858546	988.6528137571348
1064, 8935.708669190697	1063.4188443931416
1065, 9221.757132021581	1089.2977202426198
1066, 9589.048869980346	1136.3256132215818
1067, 9963.346480107268	1130.4759672772052
1068, 10479.758432837123	1200.5198084577798
1069, 10892.160946316859	1297.7784950143468
1070, 10944.067342738042	1322.9848394232708
1071, 11295.661578181815	1451.6323479849225
1072, 11503.913676942893	1354.83773213944
1073, 11579.810943314873	1322.4434857412061
1074, 11411.304493841535	1310.8400822319988
1075, 11564.206863806747	1224.4775217380209
1076, 10927.037077228124	1276.941753536074
1077, 10911.44479889819	1286.392849304712
1078, 10493.807330130961	1264.528719466682
1079, 10565.196154992704	1085.488834291808
1080, 9700.077151422476	1083.476482842266
1081, 9693.423659221764	1098.216908360426
1082, 9375.222989359865	1052.7748207715279
1083, 8873.705932915318	1000.8009801870095
1084, 8745.592363864364	1020.2927626288337
1085, 8495.392018143762	1016.3354207456135
1086, 8208.468686540327	903.743243191851
1087, 8032.860050051402	893.5055888302936
1088, 7650.61056220523	927.6990458505076
1089, 7409.8981619822325	851.989766283721
1090, 7159.650622819366	774.0143928188221
1091, 6992.736453657646	805.5522737542901
1092, 6681.756660196678	808.0025730227103
1093, 6588.189122916876	787.3405526913266
1094, 6436.344606750801	722.5612929622328
1095, 6273.5316016141105	699.9746894891297
1096, 6220.568153955965	756.2806834754808
1097, 5991.203091616909	723.6445757350231
1098, 5824.685721337818	690.6557334355068
1099, 5808.74149405169	685.3661256883014
1100, 5732.1258636652055	636.6256538372977
1101, 5723.562179800065	623.8683598166211
1102, 5673.663972033516	664.3026883117993
1103, 5643.48445904906	611.1651231159707
1104, 5621.149313500213	638.4518563128353
1105, 5651.553431219105	653.5062337486163
1106, 5631.893475384572	602.9925455248245
1107, 5611.468023176927	664.5322999242005
1108, 5627.230424081739	592.0613399980771
1109, 5556.733056292367	637.1388302319823
1110, 5586.23031300822	684.4138343010644
1111, 5643.709727947962	662.7987186680098
1112, 5712.393340561961	689.9513886928204
1113, 5708.86579725364	667.361785387559
1114, 5802.048521721896	662.800595770128
1115, 5909.842674208342	687.567729843829
1116, 5977.726553010884	741.9176898252963
1117, 6038.833941898644	740.9169262024135
1118, 6090.479686028664	680.4686128454038
1119, 6246.8373884711	783.1097541384239
1120, 6339.9573771365895	725.116703547313
1121, 6574.253632812581	776.1768213730057
1122, 6678.14697058892	725.3193304483715
1123, 6887.999196187669	731.6469267198867
1124, 7145.41781102888	770.1540106278723
1125, 7261.786639554393	855.0217879011095
1126, 7511.3217323691615	846.5900240020463
1127, 7756.576636980323	915.7384385937482
1128, 7813.6367434746135	883.8263381977699
1129, 8386.07061149501	1002.538051570546
1130, 8472.337044039636	1021.6903375432433
1131, 8589.966620284287	999.6635381247977
1132, 8927.79247702007	967.0051801893071
1133, 8999.265932673718	981.054076426186
1134, 9280.819892272088	1035.0198832465237
1135, 9368.38025528717	1046.1841676512513
1136, 9317.255665432625	1066.1993731941216
1137, 9406.210040611097	1063.6911089612436
1138, 9684.19417985853	1148.2195689712064
1139, 9241.935094268692	1064.3376532480954
1140, 9312.007814360739	1096.8691781172934
1141, 9161.807739397553	1004.2290520109893
1142, 9322.489167773856	1098.7787230720032
1143, 8994.484512822562	975.2830894427376
1144, 8746.815842172806	1024.6750497140727
1145, 8659.85287499115	1018.9839613353055
1146, 8433.265598144968	967.4312212169505
1147, 8320.417466692163	958.7191106095842
1148, 8115.461409668148	902.2887200164872
1149, 7835.556207066565	902.7569256664153
1150, 7704.186074441777	890.5328223283423
1151, 7437.339934868714	836.5070132299647
1152, 7170.6017534182465	788.6002852752115
1153, 7080.981688362486	929.0224145702313
1154, 6861.1051687209865	786.2343255355596
1155, 6653.488420963563	812.8558542214081
1156, 6667.676807175281	787.4170879114478
1157, 6454.584406703505	743.8631379659428
1158, 6395.548565465389	740.0201239856045
1159, 6182.530929037254	695.8540688367455
1160, 6251.867500749328	753.9217760394329
1161, 6196.4874339918615	682.2746740576538
1162, 6168.327764707339	729.2718234102086
1163, 6048.181609381701	692.8408383606047
1164, 6143.756908500896	665.9187807109297
1165, 6092.789221254985	730.1174655245421
1166, 6066.805607698463	715.5888163296017
1167, 6085.732060247907	732.4431847694543
1168, 6088.423971403423	664.2490189244714
1169, 6152.626799276291	746.8900472905541
1170, 6380.6138586920315	712.5950785684113
1171, 6373.580844416455	799.2568061356259
1172, 6363.039513209292	773.3162056214126
1173, 6534.452233317003	685.077214100379
1174, 6580.080495778291	719.5441922917043
1175, 6664.288431065203	759.8280306611947
1176, 6793.295747316948	764.2346052722668
1177, 6755.722647798882	791.6212348827175
1178, 6948.575248835411	767.395618180971
1179, 7038.160624035727	786.4530714974984
1180, 7328.703333251629	792.5442729991897
1181, 7367.4300824855645	885.2502162703344
1182, 7432.172937747254	846.1467508498623
1183, 7648.361903206633	869.4542346147307
1184, 7708.701116525567	827.2475053138829
1185, 7894.613037362949	963.9926513915881
1186, 7920.731191628428	893.7009472437807
1187, 8085.259310124768	843.5557500980921
1188, 8229.563365665252	978.9248124691297
1189, 8189.821180426109	920.702190255071
1190, 8326.429214812648	1002.0874769280834
1191, 8401.758294221108	953.998308160358
1192, 8248.80811860047	907.1337185759626
1193, 8387.057926345276	989.6805284390252
1194, 8387.726933683054	920.8771717189198
1195, 8557.436488674422	978.7884505389145
1196, 8311.527229121346	1027.1751654273532
1197, 8264.551372598125	899.766011558335
1198, 8178.991181669653	934.8172555719816
1199, 8085.45661468365	917.4213766701826
1200, 8060.650821098604	808.0720023869497
1201, 8082.023244695597	975.1075301479844
1202, 7895.966126066197	921.9754405767138
1203, 7851.062960242606	907.5982673255738
1204, 7811.0269778101265	860.4531820612206
1205, 7598.315397763397	902.0861481653444
1206, 7476.445624102806	905.4797720478751
1207, 7550.9483653674015	883.1872440439278
1208, 7309.6729152963335	825.1427301568758
1209, 7320.473217960193	845.1804813273558
1210, 7224.345215338441	805.9795446808865
1211, 7120.343591346181	839.4607923648113
1212, 7031.582414150828	827.6731916409748
1213, 7030.079640411155	830.6490257983586
1214, 7097.3056373374875	797.0218967775121
1215, 6741.175905839374	849.9129659815852
1216, 6817.921291976764	816.3397665406734
1217, 6825.47179416002	741.8262608918536
1218, 6687.349472410727	737.7689273921019
1219, 6547.603082213399	795.727382195183
1220, 6644.851729630976	794.5764358778773
1221, 6615.068665540393	746.2956355556857
1222, 6476.67501496132	798.6828179661113
1223, 6516.358411688616	749.0141162566134
1224, 6542.796913754831	774.2469813558472
1225, 6561.556406441046	746.0183438953362
1226, 6476.577566052788	722.8155962699846
1227, 6485.0195722908165	676.2512928788562
1228, 6447.001024336096	731.681835381613
1229, 6536.790375777636	737.770129636408
1230, 6476.366287809952	738.7588331693523
1231, 6780.112068061637	790.2530537454983
1232, 6748.1719970220265	824.6619463705105
1233, 6755.059906770925	835.5159766988852
1234, 6670.573263839011	783.0797598826587
1235, 6839.595306024547	769.9691208739123
1236, 6942.94333674194	775.1158769335032
1237, 6955.311655384258	784.6202830806956
1238, 6965.465182315001	832.0312655725146
1239, 6939.11079064398	868.8492668942791
1240, 7126.671004258591	763.8988911894598
1241, 7149.790510377725	871.5951658218627
1242, 7217.049387396991	898.1690439713782
1243, 7288.854328492857	868.6664426977856
1244, 7329.123972262051	862.0807983019561
1245, 7280.508044636384	869.8961305491708
1246, 7723.947509077705	824.5257442996353
1247, 7593.061790987764	897.1723604114801
1248, 7517.0014506192165	924.3321770222938
1249, 7609.67565750751	814.3836155276656
1250, 7774.466079650939	874.83643459962
1251, 7868.5197880426	1069.4871442183685
1252, 7963.6531125572055	852.4443132852656
1253, 7957.595533554837	870.716116592315
1254, 7867.912233625334	921.4267411061138
1255, 7888.150989369228	898.8826630563927
1256, 7976.900739340387	892.8319635905727
1257, 7923.9768202850255	912.9526996239874
1258, 8029.762204211208	910.696674645624
1259, 8084.820759287448	844.3025969715203
1260, 7872.701119403133	886.5705826849538
1261, 8024.577298271524	882.5802723174539
1262, 7980.819416122031	976.6726839470028
1263, 8041.38654291918	828.111697687675
1264, 7979.795110888746	897.7849260581514
1265, 7828.209614003321	918.1979515063499
1266, 7776.138401277115	954.838838225698
1267, 7826.552510885475	867.983550910372
1268, 7828.074865903566	1005.0668878268475
1269, 7692.039738014927	832.612209239762
1270, 7756.986530317985	872.6193863490936
1271, 7598.829915072838	851.2323182205647
1272, 7730.101672221094	860.687208784977
1273, 7752.159934810809	858.5301805432299
1274, 7705.034337368523	850.4647332870925
1275, 7675.997912408498	958.3841214238281
1276, 7552.70282005877	891.1143462074491
1277, 7514.185392986779	875.8494159639093
1278, 7479.071186148428	886.984762490708
1279, 7483.304117765562	840.6247100278911
1280, 7581.411040519021	754.581634516712
1281, 7506.952259517196	920.4305490799371
1282, 7503.9180622692475	885.1221193970706
1283, 7526.702299743846	914.6744143234151
1284, 7722.925706423442	891.7283206927194
1285, 7560.045176656841	875.1096908323345
1286, 7716.240532168145	927.3090606645942
1287, 7697.877907967047	858.0946960880304
1288, 7810.952409059006	915.6618450891181
1289, 7807.077528540108	846.9161450071344
1290, 7900.437889621821	918.62562876752
1291, 7987.358194710933	899.0295146490663
1292, 8102.430046728314	998.3418791169977
1293, 8190.224233150093	931.5949204584116
1294, 8293.086925525015	1009.6913862743568
1295, 8415.789423590717	931.3143851646158
1296, 8661.961171363246	920.8269601272697
1297, 8726.789259902856	929.4504110478334
1298, 8939.194270273756	1126.7977768280787
1299, 8968.68828022814	965.1047132145334
1300, 9260.07639739076	1085.7147136355966
1301, 9267.614409709879	1089.3862900450838
1302, 9411.890603453965	1037.887265555411
1303, 9306.044718585134	1089.5113786797915
1304, 9609.105770727128	1164.3732213707165
1305, 9771.424040268594	1186.9466739391978
1306, 9866.307901841981	1069.1739480572892
1307, 9725.090154044712	1201.6097207184098
1308, 9768.10733353016	1119.7312140637225
1309, 9749.978243444215	1120.4451577482448
1310, 9695.147775748626	1163.1819753916136
1311, 9613.703543083138	1140.3289696403838
1312, 9667.127932308838	1117.4493721867377
1313, 9339.56255766731	1074.560596260864
1314, 9392.573667355686	1025.1579499936065
