1, 6384.701171453486	0
2, 6528.73465720893	0
3, 6552.899955264115	0
4, 6729.499941218337	0
5, 6984.670713865678	0
6, 7180.966147945827	0
7, 7287.451306300535	0
8, 7609.090929683597	0
9, 7881.887688007588	0
10, 8074.831026024619	0
11, 8404.740215233347	0
12, 8846.920637280775	0
13, 9054.327448553486	0
14, 9562.186984286196	0
15, 10022.762515007087	0
16, 10302.182751363147	0
17, 10503.135812791927	0
18, 10587.589577844794	0
19, 10945.836508268294	0
20, 10829.250439411684	0
21, 10907.419351224056	0
22, 10688.545466367474	0
23, 10342.19406822535	0
24, 10389.6780555168	0
25, 9962.062599916644	0
26, 9850.755636690357	0
27, 9481.667520899966	0
28, 9169.501189288056	0
29, 8685.474322847262	0
30, 8634.44134434228	0
31, 8259.089703785126	0
32, 7987.233458460504	0
33, 7751.671031085256	0
34, 7390.496625719686	0
35, 7099.140301372232	0
36, 6981.407365730696	0
37, 6779.299176995174	0
38, 6665.117751002757	0
39, 6669.357612672359	0
40, 6546.891692474254	0
41, 6427.650220683038	0
42, 6292.4178059535725	0
43, 6314.521648347164	0
44, 6208.388346570043	0
45, 6286.403734166729	0
46, 6238.224449059019	0
47, 6240.261418445746	0
48, 6246.784580247736	0
49, 6367.543856796408	0
50, 6290.434986846102	0
51, 6331.487966935915	0
52, 6524.385195461076	0
53, 6489.913199349593	0
54, 6574.371354085781	0
55, 6725.780944254696	0
56, 6848.582759143555	0
57, 6993.106763230396	0
58, 7193.686915670631	0
59, 7517.756643657821	0
60, 7731.728939855054	0
61, 7831.433819287071	0
62, 8169.775790955142	0
63, 8363.273810723047	0
64, 8420.451171939798	0
65, 8362.447536235619	0
66, 8323.205089934603	0
67, 8746.508268482316	0
68, 8682.904501555742	0
69, 8722.681200405876	0
70, 8406.400903976799	0
71, 8318.730856132888	0
72, 8293.047732987883	0
73, 8092.768837373827	0
74, 8118.425290104188	0
75, 7964.8183064167	0
76, 7763.4538002673	0
77, 7550.421097191847	0
78, 7499.8140112841265	0
79, 7198.949530461013	0
80, 7096.346508842235	0
81, 6987.147718013925	0
82, 7119.926330442914	0
83, 7097.077628405379	0
84, 6992.1414199486235	0
85, 7075.476597314674	0
86, 7133.185216510927	0
87, 7088.860509895206	0
88, 7053.91028989173	0
89, 7105.404697405228	0
90, 7282.9008535057565	0
91, 7271.106251935292	0
92, 7381.4248425754	0
93, 7564.881471024648	0
94, 7646.584997498389	0
95, 7649.819564584527	0
96, 7637.777389935445	0
97, 7552.267380902169	0
98, 7781.396057749049	0
99, 7843.879735760316	0
100, 7806.263613338752	0
101, 8014.308605092479	0
102, 7542.601849108119	0
103, 7568.663794654293	0
104, 7473.516980161803	0
105, 7440.507115123224	0
106, 7478.281969413856	0
107, 7340.125836266067	0
108, 7376.307855853631	0
109, 7163.09248832812	0
110, 7300.105843588912	0
111, 7174.220809994068	0
112, 7328.207122311702	0
113, 7443.482298629857	0
114, 7443.225587046449	0
115, 7456.555918005718	0
116, 7560.960022105509	0
117, 7749.463890728115	0
118, 7818.245532128658	0
119, 7919.490202679257	0
120, 7868.758256505018	0
121, 7957.605017090249	0
122, 7861.973942388054	0
123, 7733.234962715198	0
124, 7856.256154073757	0
125, 7773.9901661146005	0
126, 7507.571548483363	0
127, 7572.723982783757	0
128, 7475.325254950275	0
129, 7295.396421973091	0
130, 7384.369195674526	0
131, 7575.393307199384	0
132, 7344.375650229051	0
133, 7227.765179769566	0
134, 7347.881613027272	0
135, 7325.360830032563	0
136, 7329.524270504455	0
137, 7406.904650109027	0
138, 7387.398255055812	0
139, 7370.641748376321	0
140, 7317.639038194088	0
141, 7648.93497663381	0
142, 7674.663427655295	0
143, 7758.117735601809	0
144, 7639.300933147701	0
145, 7651.415539905599	0
146, 7509.36593498511	0
147, 7494.4211188251265	0
148, 7536.966725724191	0
149, 7624.777827831568	0
150, 7498.8473376806805	0
151, 7238.5514547279245	0
152, 7298.075245525339	0
153, 7321.5781940203615	0
154, 7312.2020995134835	0
155, 7394.243848739899	0
156, 7540.491055882785	0
157, 7541.60288832974	0
158, 7560.719749440515	0
159, 7654.886615318801	0
160, 7702.82670052613	0
161, 7523.40822224283	0
162, 7620.6525060372705	0
163, 7539.59370060448	0
164, 7410.103247710901	0
165, 7320.623413731741	0
166, 7394.466794759109	0
167, 7301.206787053905	0
168, 7386.5957707281195	0
169, 7561.935901859673	0
170, 7667.644706833658	0
171, 7587.0673492387405	0
172, 7406.112937142456	0
173, 7394.61994878196	0
174, 7636.533403176069	0
175, 7609.971278140194	0
176, 7621.503317727741	0
177, 7557.308151210092	0
178, 7317.501264133268	0
179, 7529.546577226499	0
180, 7434.223371909501	0
181, 7477.9118188341145	0
182, 7386.654057922724	0
183, 7493.756390300703	0
184, 7450.788585117769	0
185, 7493.373597365883	0
186, 7692.007737968476	0
187, 7649.016500842115	0
188, 7525.888764207131	0
189, 7460.77519375734	0
190, 7453.590143667399	0
191, 7507.572300460108	0
192, 7420.275667844007	0
193, 7629.531209329324	0
194, 7642.097515098777	0
195, 7423.472596588035	0
196, 7547.504946188998	0
197, 7550.330180175573	0
198, 7567.326388230405	0
199, 7560.7151974760345	0
200, 7474.430641070834	0
201, 7339.920521282399	0
202, 7336.598689283681	0
203, 7402.7343027909865	0
204, 7459.5756481908165	0
205, 7571.683829661534	0
206, 7670.983771199206	0
207, 7378.834695783152	0
208, 7373.184030185546	0
209, 7490.232615299426	0
210, 7615.179534530504	0
211, 7454.332721323115	0
212, 7529.292637942394	0
213, 7481.848706776636	0
214, 7509.314100627216	0
215, 7630.554516077698	0
216, 7585.963956076937	0
217, 7625.700244620345	0
218, 7620.015858146084	0
219, 7605.877862857597	0
220, 7525.235967762902	0
221, 7475.45655321851	0
222, 7456.780796837026	0
223, 7584.871224908806	0
224, 7609.2006605006745	0
225, 7350.370019432455	0
226, 7487.079539392308	0
227, 7500.799818065062	0
228, 7536.900818551183	0
229, 7565.651093453585	0
230, 7442.913416599363	0
231, 7612.425895206194	0
232, 7649.647754648648	0
233, 7494.2187528581635	0
234, 7540.027472255227	0
235, 7617.621542963354	0
236, 7472.341941835458	0
237, 7596.5891027175985	0
238, 7693.452146760019	0
239, 7638.432196802159	0
240, 7514.595661135533	0
241, 7703.241649369416	0
242, 7746.801078794104	0
243, 7638.339247649088	0
244, 7731.810959556569	0
245, 7581.9667601152205	0
246, 7958.689703486814	0
247, 7814.292698424659	0
248, 7838.415797176877	0
249, 7974.817598366016	0
250, 8042.198054240526	0
251, 7898.396699806123	0
252, 8167.443842410537	0
253, 8216.205790386863	0
254, 8215.119824012616	0
255, 8154.807085412206	0
256, 8431.234850422235	0
257, 8324.971671004778	0
258, 8256.420071517578	0
259, 8294.026179638686	0
260, 8276.699541276632	0
261, 8187.555620828954	0
262, 8191.4442975646625	0
263, 8124.698116286036	0
264, 7971.129966839627	0
265, 7997.8403466282	0
266, 7917.232801524943	0
267, 7864.633943139623	0
268, 7738.5891704189635	0
269, 7800.4968288210075	0
270, 7570.820796996657	0
271, 7441.842907598499	0
272, 7341.239729488362	0
273, 7255.212952225635	0
274, 7300.619973711236	0
275, 7193.254231130201	0
276, 7175.088664375903	0
277, 7004.002810107026	0
278, 7178.952906887696	0
279, 7149.337968037971	0
280, 7180.0389717621465	0
281, 7107.8409516986485	0
282, 7133.997438977228	0
283, 7088.621687518903	0
284, 7024.037669891622	0
285, 7156.1879781071575	0
286, 7105.5745151737865	0
287, 7157.911195347359	0
288, 7180.707523970156	0
289, 7346.687688417279	0
290, 7437.15972944077	0
291, 7637.740582764361	0
292, 7478.630734160998	0
293, 7526.296492922838	0
294, 7803.091820698255	0
295, 7824.588655987958	0
296, 7966.107443318846	0
297, 7937.121875507444	0
298, 7793.860063565384	0
299, 7846.885794404397	0
300, 7730.720712590694	0
301, 7681.171477769237	0
302, 7600.253566767983	0
303, 7561.711831013209	0
304, 7567.6450599903965	0
305, 7414.328035283039	0
306, 7405.452931073369	0
307, 7241.282597191416	0
308, 7245.509454591448	0
309, 6981.552107760276	0
310, 6960.447864553188	0
311, 6976.61376477207	0
312, 7092.502808551735	0
313, 7099.269792979683	0
314, 7086.469401056132	0
315, 7070.882123889127	0
316, 7019.840920298154	0
317, 6899.708516924413	0
318, 6926.174831597197	0
319, 6901.904621627684	0
320, 6952.503499921296	0
321, 6884.33895242464	0
322, 7005.27774616053	0
323, 6936.076358937441	0
324, 7069.562929364031	0
325, 7209.45319642981	0
326, 7296.666570197021	0
327, 7524.929949069576	0
328, 7516.5823021525875	0
329, 7467.991129776205	0
330, 7749.567087864386	0
331, 7710.274797503657	0
332, 7683.275121035112	0
333, 7687.3006673559685	0
334, 7727.298024184897	0
335, 7879.871420568712	0
336, 7841.980374450652	0
337, 7953.528960105731	0
338, 7874.145273958537	0
339, 7668.160576751873	0
340, 7784.231566753734	0
341, 7827.06609861339	0
342, 7815.755617774637	0
343, 7685.249551217421	0
344, 7643.597483497075	0
345, 7575.969894520712	0
346, 7647.862940630333	0
347, 7468.371863770535	0
348, 7605.052578169047	0
349, 7544.665975027797	0
350, 7454.426359986097	0
351, 7340.233743201574	0
352, 7272.081804840977	0
353, 7345.9008178871145	0
354, 7238.750791331294	0
355, 7243.735921233726	0
356, 7326.012704415107	0
357, 7329.767697140816	0
358, 7271.992587795665	0
359, 7313.544505745119	0
360, 7253.960611334957	0
361, 7304.930503769824	0
362, 7285.50027444136	0
363, 7298.355328656843	0
364, 7257.655766990898	0
365, 7483.446689586482	0
366, 7473.89126611075	0
367, 7503.321906173396	0
368, 7699.201773977903	0
369, 7643.464575792589	0
370, 7662.905396843096	0
371, 7669.128884632943	0
372, 7880.12421781511	0
373, 7759.57591014481	0
374, 7851.003280177557	0
375, 7866.380963107237	0
376, 7913.436247707	0
377, 7917.291856233369	0
378, 8061.183512767025	0
379, 7980.7769842484	0
380, 8071.153856603223	0
381, 8052.136992591761	0
382, 8046.569430785236	0
383, 8178.527540720717	0
384, 8227.360339165441	0
385, 8149.19015047837	0
386, 8122.723466906704	0
387, 8208.499565529819	0
388, 7958.831544021727	0
389, 8027.583818890007	0
390, 7996.054456087575	0
391, 7937.299787620209	0
392, 7792.883757122137	0
393, 7887.383241318546	0
394, 7820.781902193372	0
395, 7846.800128000289	0
396, 7669.707332546322	0
397, 7694.542079174913	0
398, 7628.045554080993	0
399, 7428.874208726901	0
400, 7386.7332088473095	0
401, 7348.313024688146	0
402, 7368.5201063380355	0
403, 7226.41145920459	0
404, 7234.125727401883	0
405, 7143.854810737783	0
406, 7113.688834520709	0
407, 7071.183387510586	0
408, 6805.821852423594	0
409, 6889.483785171629	0
410, 6850.233868164956	0
411, 6847.78724669824	0
412, 6903.717535608238	0
413, 6871.172779733929	0
414, 6859.29295838093	0
415, 6963.38077430617	0
416, 7064.388872336562	0
417, 6875.04623529846	0
418, 7139.290432987693	0
419, 6986.756687842035	0
420, 7100.426370548897	0
421, 7113.788230300598	0
422, 7306.315603532846	0
423, 7365.792275469537	0
424, 7380.0383126018605	0
425, 7449.07452516276	0
426, 7560.258963533613	0
427, 7774.135013393071	0
428, 7660.934267353354	0
429, 7795.689445272924	0
430, 8007.43960775866	0
431, 7923.046770009327	0
432, 7870.0817238893405	0
433, 7878.825110530411	0
434, 7934.705551922197	0
435, 7943.206822007956	0
436, 7876.1007145616195	0
437, 7858.470986681161	0
438, 7709.697250851989	0
439, 7736.050774295032	0
440, 7597.531789748392	0
441, 7544.67315391259	0
442, 7487.164426662309	0
443, 7364.325617111847	0
444, 7235.6907168458165	0
445, 7190.437926189332	0
446, 7221.667144834696	0
447, 7114.970677405038	0
448, 7090.863490095465	0
449, 7031.487035075841	0
450, 6957.076834197506	0
451, 6989.869306753785	0
452, 7055.685715100999	0
453, 7040.661521173212	0
454, 7060.934632964087	0
455, 6955.736660489828	0
456, 7090.240734457424	0
457, 7109.533700562162	0
458, 7254.484670862416	0
459, 7197.424509730337	0
460, 7232.206774894655	0
461, 7358.935636708437	0
462, 7494.748310610282	0
463, 7411.125051729991	0
464, 7628.467565726843	0
465, 7622.894153300334	0
466, 7753.244064188399	0
467, 7810.941482475746	0
468, 7778.241259239888	0
469, 7727.3945498375815	0
470, 7759.737495928528	0
471, 7725.1238203223575	0
472, 7802.536635838279	0
473, 7763.895686831029	0
474, 7752.834570751338	0
475, 7543.931974672513	0
476, 7555.678891843011	0
477, 7623.648690084465	0
478, 7441.189292039194	0
479, 7355.642418340522	0
480, 7264.90777494652	0
481, 7094.920404241601	0
482, 6938.3115122562	0
483, 6738.410124412	0
484, 6911.7559771541855	0
485, 6774.358997265997	0
486, 6756.0836843802845	0
487, 6748.639467628898	0
488, 6761.221855163276	0
489, 6770.484723982371	0
490, 6686.519640796095	0
491, 6732.216337077717	0
492, 6655.816072384101	0
493, 6883.931823440439	0
494, 6917.38756146911	0
495, 6926.032514148811	0
496, 6906.6741853394105	0
497, 6955.975378589408	0
498, 7134.001690396747	0
499, 7172.26938681962	0
500, 7316.142638287684	0
501, 7329.515746731171	0
502, 7664.618699339791	0
503, 7625.391886251356	0
504, 7735.147454207214	0
505, 7871.136286565492	0
506, 7862.259136853022	0
507, 7986.755960213106	0
508, 8046.883292649415	0
509, 8099.59469152219	0
510, 8196.71428172756	0
511, 7953.157689387874	0
512, 7935.436715468834	0
513, 7932.222443077187	0
514, 7765.5061674417975	0
515, 7684.938508171133	0
516, 7540.652740143029	0
517, 7460.084134051383	0
518, 7432.702693444049	0
519, 7250.761912045	0
520, 7043.833197891717	0
521, 7058.079235106933	0
522, 6920.976266152108	0
523, 6980.762752976947	0
524, 6860.496093351954	0
525, 6853.560146785417	0
526, 6809.52894557861	0
527, 6865.56021402788	0
528, 6713.454634448502	0
529, 6696.704325202997	0
530, 6805.371244019003	0
531, 6680.3699573245885	0
532, 6750.670461767484	0
533, 6832.838937940613	0
534, 6965.048551874382	0
535, 6856.993544471607	0
536, 6952.556037240068	0
537, 6973.819200980194	0
538, 6972.663062711549	0
539, 6942.865501229292	0
540, 7079.8495468549045	0
541, 7099.086453081971	0
542, 7274.476479638432	0
543, 7373.9511330189325	0
544, 7537.809730197019	0
545, 7565.310504353848	0
546, 7662.87784300236	0
547, 7776.472901156792	0
548, 7809.792569164304	0
549, 7853.257510164207	0
550, 7881.383776156584	0
551, 7937.825367267345	0
552, 7935.450855343059	0
553, 7891.704943040159	0
554, 7859.468943171644	0
555, 7859.103418270996	0
556, 7902.3432926150035	0
557, 7723.674834540297	0
558, 7521.15484893339	0
559, 7502.901635792934	0
560, 7609.95898902342	0
561, 7529.933634808	0
562, 7283.133691138164	0
563, 7316.035673388579	0
564, 7290.046656041981	0
565, 7216.566115101137	0
566, 7217.614426180227	0
567, 7062.543755875402	0
568, 7154.480473087385	0
569, 6942.360659128696	0
570, 7033.172174178241	0
571, 6874.570725102382	0
572, 6932.554672387166	0
573, 6943.719562531874	0
574, 6999.2923403654	0
575, 6928.320728785954	0
576, 6890.121673979206	0
577, 7040.623276677644	0
578, 6988.368724606746	0
579, 7064.472349905126	0
580, 7121.603166854525	0
581, 7191.896996478506	0
582, 7286.900152001147	0
583, 7332.3573568374195	0
584, 7434.469339669756	0
585, 7613.558591443627	0
586, 7735.2586099546115	0
587, 7743.856044701811	0
588, 7755.929260499266	0
589, 7776.570941026738	0
590, 7923.4055674920255	0
591, 7931.733265857596	0
592, 7968.38713550652	0
593, 8057.110888395894	0
594, 7942.5182448352225	0
595, 7703.243062594345	0
596, 7800.659058638535	0
597, 7769.01649932413	0
598, 7813.082962302313	0
599, 7721.168558222763	0
600, 7624.802015082278	0
601, 7662.871553450374	0
602, 7584.683087851255	0
603, 7501.679440808602	0
604, 7384.413993590361	0
605, 7335.654712601915	0
606, 7257.872395251927	0
607, 7173.9595110690225	0
608, 7173.332061397386	0
609, 7147.729050497793	0
610, 7176.316658021181	0
611, 7101.746048589541	0
612, 7128.845775644186	0
613, 7204.122948618021	0
614, 7277.189455267144	0
615, 7359.78927763741	0
616, 7401.809933869284	0
617, 7396.7120085037495	0
618, 7567.961196595226	0
619, 7434.994146705449	0
620, 7526.976097025358	0
621, 7611.767834520294	0
622, 7701.745847834779	0
623, 7717.116146866623	0
624, 7664.155270594762	0
625, 7710.5977760554215	0
626, 7610.245309626407	0
627, 7844.550134439487	0
628, 7873.6045352974315	0
629, 7654.571685569415	0
630, 7734.761191995212	0
631, 7511.074026064304	0
632, 7714.9997462904585	0
633, 7676.1284253662	0
634, 7552.865875395133	0
635, 7413.327265639457	0
636, 7547.0657253042355	0
637, 7450.976367565958	0
638, 7416.421526846854	0
639, 7451.89769674623	0
640, 7493.150235513578	0
641, 7511.204159533747	0
642, 7431.760316325344	0
643, 7492.841211738381	0
644, 7446.314996250399	0
645, 7488.32390014729	0
646, 7446.851363686378	0
647, 7514.4426024480745	0
648, 7486.105019239513	0
649, 7388.757126049798	0
650, 7421.26942843371	0
651, 7664.146421156422	0
652, 7662.132628786083	0
653, 7860.089677953183	0
654, 7720.900975240539	0
655, 7779.598334228607	0
656, 7808.502767572176	0
657, 7818.646671160632	0
658, 7774.719791942548	0
659, 7810.371505158359	0
660, 7893.918100661181	0
661, 8002.378753599437	0
662, 7918.592269661608	0
663, 8038.880719678952	0
664, 8128.486596761994	0
665, 8123.402795915958	0
666, 8129.18002516386	0
667, 8133.880111060546	0
668, 8132.169257408686	0
669, 8038.397575806107	0
670, 8166.869593298965	0
671, 8104.684406971548	0
672, 8109.536029608158	0
673, 8194.091726406306	0
674, 8107.922135207225	0
675, 8099.407399210996	0
676, 7987.819640032672	0
677, 7984.155719529417	0
678, 7784.392987529903	0
679, 7650.1547823643605	0
680, 7644.421044025486	0
681, 7468.3805963795885	0
682, 7424.395549279119	0
683, 7214.025540443748	0
684, 7187.5637582629815	0
685, 7206.856639044132	0
686, 7178.538816696045	0
687, 7078.300216893241	0
688, 7119.893333334018	0
689, 6961.944849384512	0
690, 6985.1070515318515	0
691, 7010.50465770499	0
692, 6846.856535060232	0
693, 6764.288683149885	0
694, 7042.587163253158	0
695, 6933.7506115132355	0
696, 6994.970409291793	0
697, 7067.054858218882	0
698, 7061.030297872708	0
699, 7166.516317158598	0
700, 7219.136960529084	0
701, 7210.430405079386	0
702, 7406.006429262203	0
703, 7480.409560707732	0
704, 7503.703148196552	0
705, 7537.296850108625	0
706, 7766.854779614833	0
707, 7704.712815528663	0
708, 7819.744113382857	0
709, 7894.742820905459	0
710, 8036.690268919023	0
711, 8023.663077267972	0
712, 8153.0904316081305	0
713, 8026.681184955785	0
714, 8067.2877103534565	0
715, 8030.731725053261	0
716, 7983.88230940819	0
717, 7951.00837256694	0
718, 8089.84040097536	0
719, 7924.053213340255	0
720, 7910.408050943775	0
721, 7873.166694550654	0
722, 7664.41223802598	0
723, 7569.0202602617655	0
724, 7511.446263017554	0
725, 7358.661923453775	0
726, 7342.790952086718	0
727, 7244.125424856605	0
728, 7252.930372238217	0
729, 7258.458417044298	0
730, 7177.26300423149	0
731, 7199.63549265423	0
732, 7191.848528175523	0
733, 7244.420441942503	0
734, 7083.1366699869395	0
735, 7202.365139622924	0
736, 7198.461727039061	0
737, 7202.8565427520425	0
738, 7082.191317843175	0
739, 7224.227114610431	0
740, 7313.388854210067	0
741, 7326.541762031434	0
742, 7494.195220173888	0
743, 7496.527810117177	0
744, 7639.358198674599	0
745, 7743.729270580855	0
746, 7743.21663417035	0
747, 7835.047126861661	0
748, 7806.239913568416	0
749, 7743.329056422112	0
750, 7708.400956126831	0
751, 7770.4112033706	0
752, 7652.218235034878	0
753, 7792.742142512567	0
754, 7650.866863547753	0
755, 7720.857934862807	0
756, 7512.403384071625	0
757, 7685.750929531204	0
758, 7597.519195852928	0
759, 7662.431489270153	0
760, 7489.71156675057	0
761, 7453.299156124296	0
762, 7304.4972937401935	0
763, 7382.478080523303	0
764, 7212.500740493305	0
765, 7385.139603126879	0
766, 7430.5401571267075	0
767, 7374.062674846254	0
768, 7447.727112383144	0
769, 7407.019135218136	0
770, 7485.9320307847165	0
771, 7783.765310036118	0
772, 7640.2150724306475	0
773, 7770.970278993163	0
774, 7641.676822796616	0
775, 7902.97942820479	0
776, 7876.570780236169	0
777, 7931.785855156936	0
778, 7929.175968916525	0
779, 8030.618056867536	0
780, 8208.964886553133	0
781, 8218.248711049473	0
782, 8278.695264518681	0
783, 8316.625332285194	0
784, 8388.795866950784	0
785, 8557.34330018215	0
786, 8540.669730451922	0
787, 8419.476651708886	0
788, 8622.896071322271	0
789, 8710.538803116682	0
790, 8494.226540199737	0
791, 8502.815252365031	0
792, 8454.141219518131	0
793, 8482.067761935568	0
794, 8304.661855504351	0
795, 8256.95118940901	0
796, 8110.446035140434	0
797, 7915.995365139246	0
798, 7921.8216987747255	0
799, 7844.355677905254	0
800, 7592.773193456007	0
801, 7574.073484503877	0
802, 7448.760197467513	0
803, 7349.347682092072	0
804, 7356.34919053403	0
805, 7014.3523468483	0
806, 7050.609128386824	0
807, 7113.338234158218	0
808, 6984.538409062626	0
809, 6880.707894788944	0
810, 6979.801241870757	0
811, 7067.894019554155	0
812, 6836.979725692239	0
813, 6894.986786195491	0
814, 6938.5990276797	0
815, 7036.320156535612	0
816, 6944.996358780626	0
817, 7086.221791530714	0
818, 7312.152155629071	0
819, 7383.26728394536	0
820, 7417.721411519609	0
821, 7536.05802314088	0
822, 7527.978760084509	0
823, 7853.833273016393	0
824, 7764.244467788992	0
825, 8043.622721902132	0
826, 7970.331425745674	0
827, 8056.839530762098	0
828, 7986.655343414328	0
829, 8061.965060039108	0
830, 7885.503223909021	0
831, 8003.618899060855	0
832, 7962.23421052919	0
833, 7928.021760752153	0
834, 7641.227998995238	0
835, 7744.100089583519	0
836, 7595.9806198749175	0
837, 7567.612228897998	0
838, 7352.696868243508	0
839, 7398.089475965874	0
840, 7264.831437542279	0
841, 7052.063480244597	0
842, 7081.046837632248	0
843, 7018.045971232297	0
844, 7101.719622775145	0
845, 7252.948108578986	0
846, 7227.020953019591	0
847, 7258.838923261443	0
848, 7330.420299845407	0
849, 7430.2865673499155	0
850, 7575.115777365471	0
851, 7635.543379736242	0
852, 7765.454095676965	0
853, 7679.625119836437	0
854, 7640.891322063336	0
855, 7573.845474461012	0
856, 7565.536964772126	0
857, 7625.883398001421	0
858, 7664.134485482316	0
859, 7670.517080886628	0
860, 7425.529616977733	0
861, 7316.697506545065	0
862, 7402.062673879522	0
863, 7453.2758831109895	0
864, 7520.606696693378	0
865, 7532.484109241236	0
866, 7624.631609628246	0
867, 7523.265450064773	0
868, 7255.435967573701	0
869, 7377.0573702692045	0
870, 7523.290046309669	0
871, 7554.454016496223	0
872, 7504.0462962855045	0
873, 7600.563951556774	0
874, 7647.08627136692	0
875, 7358.07629141827	0
876, 7263.71245731431	0
877, 7297.87222280183	0
878, 7629.64443184614	0
879, 7583.171598562646	0
880, 7528.511261677904	0
881, 7519.733851361878	0
882, 7603.667660295228	0
883, 7525.1908735555735	0
884, 7579.6108176817625	0
885, 7247.861873330205	0
886, 7139.641052036046	0
887, 7447.05466443377	0
888, 7549.705489780493	0
889, 7474.731984746089	0
890, 7505.799562768212	0
891, 7465.601845440592	0
892, 7458.0442095145245	0
893, 7367.492103850702	0
894, 7374.839209030208	0
895, 7526.702609340539	0
896, 7612.330320062755	0
897, 7531.64763315487	0
898, 7566.770114686057	0
899, 7593.366986954417	0
900, 7498.749684890494	0
901, 7556.417574334406	0
902, 7511.8882971929615	0
903, 7408.116813933447	0
904, 7248.179611313722	0
905, 7528.356512467463	0
906, 7673.792990705771	0
907, 7693.754265310267	0
908, 7374.898305559687	0
909, 7264.855175330874	0
910, 7383.097651920237	0
911, 7400.223271891711	0
912, 7460.063343876189	0
913, 7525.901968060894	0
914, 7622.9797421030535	0
915, 7555.8788830715475	0
916, 7607.027060736182	0
917, 7653.040957668208	0
918, 7612.366833516846	0
919, 7628.142755647448	0
920, 7728.624848135257	0
921, 7734.247092764715	0
922, 7963.6056014013975	0
923, 7777.812495732753	0
924, 7699.3175522458105	0
925, 7703.550709701071	0
926, 7528.73392225213	0
927, 7424.15789966069	0
928, 7113.216943614412	0
929, 7276.182144398482	0
930, 7372.444786294916	0
931, 7279.933761654774	0
932, 7370.2286488994505	0
933, 7209.500030297697	0
934, 7440.102799418796	0
935, 7374.058624509543	0
936, 7403.902167882079	0
937, 7395.377892279886	0
938, 7523.815071599387	0
939, 7382.654748750377	0
940, 7472.16662953199	0
941, 7656.138186431212	0
942, 7721.180790070526	0
943, 7769.397376209928	0
944, 7802.111002015716	0
945, 7581.780063533856	0
946, 7366.195198620675	0
947, 7565.604620753464	0
948, 7513.365476363759	0
949, 7546.087910373345	0
950, 7525.154209405565	0
951, 7271.166993436429	0
952, 7249.397222158651	0
953, 7383.555912567255	0
954, 7254.979032813662	0
955, 7396.940516074943	0
956, 7569.191632500052	0
957, 7482.303493011807	0
958, 7545.603140614297	0
959, 7648.887335149032	0
960, 7595.117518063495	0
961, 7612.23937584803	0
962, 7558.886296719267	0
963, 7410.098131270411	0
964, 7362.277018672996	0
965, 7394.070584478799	0
966, 7484.322500363434	0
967, 7564.725349908474	0
968, 7576.331953071482	0
969, 7630.106347581054	0
970, 7348.012302504563	0
971, 7290.807117027482	0
972, 7477.519834656673	0
973, 7603.315373876833	0
974, 7516.162946866706	0
975, 7664.819039208291	0
976, 7558.837342739533	0
977, 7582.058566335147	0
978, 7451.92847305983	0
979, 7439.562497306995	0
980, 7421.2590413777825	0
981, 7430.1350450627715	0
982, 7441.500688696802	0
983, 7453.73252731761	0
984, 7417.777905451967	0
985, 7828.499880764838	0
986, 7691.753846035213	0
987, 7549.56777973769	0
988, 7467.491130077616	0
989, 7496.395689893952	0
990, 7499.276514207478	0
991, 7538.650339599765	0
992, 7506.69971630906	0
993, 7579.268558933743	0
994, 7542.47958183631	0
995, 7547.376911276514	0
996, 7403.12084161926	0
997, 7337.96993082483	0
998, 7402.122710533742	0
999, 7407.2150716433325	0
1000, 7601.380439810646	0
1001, 7571.592669378754	0
1002, 7381.953406970453	0
1003, 7373.210707537413	0
1004, 7458.034393300017	0
1005, 7655.230220977811	0
1006, 7602.455792194246	0
1007, 7675.3241962710545	0
1008, 7449.706248944015	0
1009, 7441.2747518497645	0
1010, 7595.685417832361	0
1011, 7448.714573908423	0
1012, 7602.288167193523	0
1013, 7475.618822299218	0
1014, 7548.302084988988	0
1015, 7633.733620576772	0
1016, 7617.627294514224	0
1017, 7449.077289833222	0
1018, 7427.978765792679	0
1019, 7512.638805793327	0
1020, 7630.53682073138	0
1021, 7512.360537158764	0
1022, 7415.949982873907	0
1023, 7376.718507444519	0
1024, 7470.594999925534	0
1025, 7525.797684954519	0
1026, 7596.3790466361015	0
