1, 6329.720581457812	0
2, 6407.260479517504	0
3, 6574.570509922808	0
4, 6729.712116691971	0
5, 6950.3283113303305	0
6, 7141.307092465945	0
7, 7271.547587995951	0
8, 7585.306206922699	0
9, 7799.388295683372	0
10, 8108.121755324086	0
11, 8423.647964039616	0
12, 8740.64416856578	0
13, 9109.055711153247	0
14, 9618.620000191995	0
15, 9904.04741225299	0
16, 10248.69755030457	0
17, 10381.63720501352	0
18, 10490.961968640766	0
19, 10883.130247579595	0
20, 10890.166751188272	0
21, 10984.869787402564	0
22, 10726.79717758284	0
23, 10477.989575165395	0
24, 10449.223376024707	0
25, 9978.882115488164	0
26, 9844.043027150965	0
27, 9556.227850512714	0
28, 9162.264731885716	0
29, 8855.948137413561	0
30, 8588.307810783717	0
31, 8316.18935028277	0
32, 7977.2337552008	0
33, 7854.533939053402	0
34, 7527.151779935205	0
35, 7179.978305630971	0
36, 7055.3908415823	0
37, 6820.411075096714	0
38, 6686.395394897641	0
39, 6575.457141491184	0
40, 6505.365058956194	0
41, 6427.342744139449	0
42, 6329.774099217405	0
43, 6214.309623885397	0
44, 6197.401584910436	0
45, 6227.980124686304	0
46, 6211.903538613061	0
47, 6223.853452647959	0
48, 6185.512178686168	0
49, 6207.8812416950495	0
50, 6253.859024990991	0
51, 6291.426759783685	0
52, 6330.74968978216	0
53, 6419.3196560523675	0
54, 6441.720127798823	0
55, 6638.715887645174	0
56, 6704.798487030887	0
57, 6890.373912290388	0
58, 6994.354184723426	0
59, 7170.000691333588	0
60, 7428.7624834177495	0
61, 7655.9001706298795	0
62, 7863.158577267635	0
63, 8101.10283219854	0
64, 8321.172293142496	0
65, 8400.406837673732	0
66, 8535.044061291681	0
67, 8676.795902324882	0
68, 8709.958679832547	0
69, 8662.991236345933	0
70, 8688.794074142019	0
71, 8707.467404833476	0
72, 8738.20129366345	0
73, 8518.100858787051	0
74, 8409.62463359288	0
75, 8320.198618183014	0
76, 8085.695163697208	0
77, 7936.6920946807995	0
78, 7807.688045346239	0
79, 7588.619432356607	0
80, 7404.218361539097	0
81, 7267.79849265814	0
82, 7020.68343254705	0
83, 7038.311683597623	0
84, 6974.116141094518	0
85, 6815.1498573918325	0
86, 6858.4512948367465	0
87, 6861.021514115864	0
88, 6834.421501868454	0
89, 6957.179206491546	0
90, 7080.060564655646	0
91, 7034.2019642120695	0
92, 7007.655710193351	0
93, 7267.619701798071	0
94, 7210.438078153445	0
95, 7408.10422013942	0
96, 7480.135925050881	0
97, 7679.800813420216	0
98, 7683.067682144532	0
99, 7945.803965527099	0
100, 7915.633732800887	0
101, 7891.21531395635	0
102, 7888.643297706546	0
103, 7838.67833789113	0
104, 7796.227444180652	0
105, 7740.590416102218	0
106, 7579.890957258309	0
107, 7490.630008711262	0
108, 7395.748438375426	0
109, 7397.330594016378	0
110, 7366.348590485019	0
111, 7324.034567573761	0
112, 7291.935658621463	0
113, 7263.804573281373	0
114, 7271.520658526807	0
115, 7459.846015050507	0
116, 7332.559472960282	0
117, 7428.947167964626	0
118, 7536.434065033571	0
119, 7518.610996283778	0
120, 7497.393747595356	0
121, 7728.493191791108	0
122, 7821.568795246503	0
123, 7854.901772601502	0
124, 7930.796590654652	0
125, 7985.26157186819	0
126, 7840.339675887427	0
127, 7832.025877454055	0
128, 7885.404157535239	0
129, 7688.3866499567985	0
130, 7656.216147414641	0
131, 7536.931554641214	0
132, 7500.257892427167	0
133, 7310.291486645218	0
134, 7315.450704289298	0
135, 7303.382095425276	0
136, 7269.342304849749	0
137, 7327.680183807921	0
138, 7224.20672974824	0
139, 7184.179319573409	0
140, 7375.982505241884	0
141, 7355.9587299338145	0
142, 7390.140729148581	0
143, 7470.947577443015	0
144, 7412.253380746465	0
145, 7380.625014523988	0
146, 7635.461286422183	0
147, 7744.603066631972	0
148, 7716.4945458792	0
149, 7735.895521935356	0
150, 7767.468911898897	0
151, 7515.363637634484	0
152, 7503.423982200182	0
153, 7500.686980965345	0
154, 7545.190723416107	0
155, 7554.223629128182	0
156, 7546.374342974965	0
157, 7405.929847356236	0
158, 7335.449270816626	0
159, 7280.256571199575	0
160, 7293.642310892599	0
161, 7355.906677244859	0
162, 7558.540460367042	0
163, 7612.2276016936	0
164, 7571.474547187659	0
165, 7517.370114411152	0
166, 7565.4577752457035	0
167, 7542.8779403730005	0
168, 7556.645162117694	0
169, 7346.480574049179	0
170, 7282.512939159241	0
171, 7344.359220417943	0
172, 7559.894141123966	0
173, 7613.517470406113	0
174, 7648.639843041146	0
175, 7650.383156821874	0
176, 7629.534737889682	0
177, 7408.668407352403	0
178, 7458.929590014702	0
179, 7416.749664535388	0
180, 7414.878257273757	0
181, 7447.628694814492	0
182, 7412.985661560302	0
183, 7387.556083469387	0
184, 7507.701755513805	0
185, 7679.285645690448	0
186, 7667.59714186144	0
187, 7653.110004345582	0
188, 7493.775848457343	0
189, 7522.010984172978	0
190, 7514.208205477398	0
191, 7451.742466293874	0
192, 7478.168485900216	0
193, 7492.542638841081	0
194, 7475.192008637599	0
195, 7484.314868704529	0
196, 7518.186150915584	0
197, 7566.63162299643	0
198, 7513.2899584924	0
199, 7593.688615167769	0
200, 7567.402022966322	0
201, 7527.724687956209	0
202, 7378.693916487961	0
203, 7311.159969291653	0
204, 7348.998746667642	0
205, 7412.914685212977	0
206, 7493.157175040952	0
207, 7625.215837441489	0
208, 7632.07065009683	0
209, 7576.177136831228	0
210, 7486.583003400791	0
211, 7484.20041440199	0
212, 7459.571068274796	0
213, 7459.099387585638	0
214, 7436.578809904056	0
215, 7586.490444105926	0
216, 7562.05363061985	0
217, 7544.441257902006	0
218, 7577.73096611856	0
219, 7614.301982271069	0
220, 7654.364148595366	0
221, 7586.372909906761	0
222, 7444.899109567248	0
223, 7529.063878734927	0
224, 7499.902749564974	0
225, 7524.755187845988	0
226, 7432.506001875161	0
227, 7418.173457038126	0
228, 7474.31889530701	0
229, 7577.751869359538	0
230, 7481.7704175699455	0
231, 7459.490125889495	0
232, 7446.789077020761	0
233, 7492.407138724599	0
234, 7556.419985606666	0
235, 7586.100883518354	0
236, 7598.869228842377	0
237, 7720.356134224817	0
238, 7571.151723362	0
239, 7711.16691167144	0
240, 7674.540301446555	0
241, 7636.789652121855	0
242, 7665.538621454286	0
243, 7665.616446583347	0
244, 7674.71297584926	0
245, 7751.973725399894	0
246, 7806.982671605028	0
247, 7824.94647864433	0
248, 7757.8882443980965	0
249, 7860.230782857908	0
250, 7950.534892416713	0
251, 7931.567744719784	0
252, 7994.858047220336	0
253, 8031.303690428571	0
254, 7995.929761622947	0
255, 8118.370887353353	0
256, 8140.66380109301	0
257, 8046.859744217554	0
258, 8239.11666413587	0
259, 8087.593246181778	0
260, 8107.961598852268	0
261, 8146.976860389664	0
262, 8170.475968864022	0
263, 8063.091430058434	0
264, 8065.189025721024	0
265, 8051.4722024609755	0
266, 7914.663997325431	0
267, 7886.105735044493	0
268, 7827.751904475322	0
269, 7686.491952816055	0
270, 7707.0781790338515	0
271, 7503.814427862283	0
272, 7423.201736550949	0
273, 7425.108210502148	0
274, 7359.097162676912	0
275, 7296.979951707606	0
276, 7290.801979328527	0
277, 7195.025646930139	0
278, 7106.774599826532	0
279, 7118.51632881681	0
280, 7079.0452444681205	0
281, 7100.8202781667715	0
282, 7261.485656486659	0
283, 7224.147870041687	0
284, 7131.762831607356	0
285, 7110.920392063342	0
286, 7284.3642441151715	0
287, 7281.516723011856	0
288, 7396.353027297161	0
289, 7411.9198373249055	0
290, 7487.200650767732	0
291, 7608.379641573738	0
292, 7746.357493666872	0
293, 7787.988419694974	0
294, 7813.261924278857	0
295, 7900.585661130843	0
296, 7952.146875607843	0
297, 7830.700235886519	0
298, 7893.538061527667	0
299, 7862.946166001274	0
300, 7894.491811258657	0
301, 7879.956019268166	0
302, 7759.20935186063	0
303, 7762.249604936204	0
304, 7583.339059344565	0
305, 7520.545102153341	0
306, 7360.5818731763875	0
307, 7313.540174045156	0
308, 7184.222544658072	0
309, 7129.795577710828	0
310, 7139.125982064505	0
311, 7020.021939865783	0
312, 7028.535959655507	0
313, 7076.916795791638	0
314, 7102.402335082949	0
315, 7161.949870215767	0
316, 7098.217518901206	0
317, 7111.714783498998	0
318, 7112.225491946987	0
319, 7100.616517149395	0
320, 7095.348786391499	0
321, 7106.592722661842	0
322, 7228.004325973048	0
323, 7227.021222159038	0
324, 7285.526925381873	0
325, 7323.17482037709	0
326, 7422.504900961063	0
327, 7448.158884369527	0
328, 7615.769273516738	0
329, 7595.742325783622	0
330, 7829.559101407471	0
331, 7795.15140206707	0
332, 7838.008193160494	0
333, 7853.685140471363	0
334, 7847.00063649809	0
335, 7801.747871599892	0
336, 7741.124558503004	0
337, 7810.862485925335	0
338, 7861.273793272968	0
339, 7857.5741326252355	0
340, 7829.214772565448	0
341, 7762.885939680603	0
342, 7793.704230012334	0
343, 7722.531618251903	0
344, 7559.484444292181	0
345, 7543.362691131472	0
346, 7470.385504943675	0
347, 7466.552071934757	0
348, 7405.405169736213	0
349, 7335.621370217818	0
350, 7275.710772686594	0
351, 7279.535993710694	0
352, 7222.33914369875	0
353, 7251.671715493022	0
354, 7286.466940016732	0
355, 7283.694265978136	0
356, 7257.718652258804	0
357, 7243.626290685058	0
358, 7315.348623628867	0
359, 7310.038344141919	0
360, 7309.15984574533	0
361, 7364.609517703628	0
362, 7389.363867081513	0
363, 7416.557389601049	0
364, 7454.227353841495	0
365, 7473.31237687033	0
366, 7580.2604599906035	0
367, 7591.145542003172	0
368, 7651.277460850338	0
369, 7680.893435846699	0
370, 7746.610261068995	0
371, 7813.845648438531	0
372, 7781.313667787095	0
373, 7846.638348977769	0
374, 7829.048978951372	0
375, 7775.916756750876	0
376, 7818.591460322754	0
377, 7859.396584694219	0
378, 7855.834071051026	0
379, 7889.0010145094	0
380, 7942.545422345007	0
381, 7836.498417646571	0
382, 7945.04021311685	0
383, 7986.118722162879	0
384, 7932.597124328807	0
385, 7926.713189267608	0
386, 8005.6939021143	0
387, 8011.014680822254	0
388, 7976.677840182332	0
389, 7925.898904428943	0
390, 7871.526949104154	0
391, 7849.330166449861	0
392, 7873.571748326022	0
393, 7745.272077816561	0
394, 7689.735949959926	0
395, 7638.4884012955445	0
396, 7596.854448614951	0
397, 7525.845105264785	0
398, 7408.909526659908	0
399, 7339.1343664140295	0
400, 7238.502811121071	0
401, 7236.693943248945	0
402, 7282.783764691954	0
403, 7117.167409876238	0
404, 7081.526232242652	0
405, 7021.541857152511	0
406, 7040.062331448625	0
407, 6968.217182328613	0
408, 6916.052909435682	0
409, 6916.854569586509	0
410, 6925.1464162349885	0
411, 6908.445908927094	0
412, 6880.9025716257465	0
413, 6912.595183069948	0
414, 6937.451572649413	0
415, 6953.799111850564	0
416, 6974.080780299556	0
417, 6993.29660478321	0
418, 7046.449910391267	0
419, 7064.819335378608	0
420, 7167.639538274861	0
421, 7295.252113356212	0
422, 7305.844299233103	0
423, 7440.510322042882	0
424, 7530.86455826031	0
425, 7711.116658836042	0
426, 7697.072286539962	0
427, 7718.6265619356955	0
428, 7885.049554342915	0
429, 7895.961541737809	0
430, 7857.022364408754	0
431, 7893.434659942335	0
432, 7885.138404234393	0
433, 7880.36472023636	0
434, 7914.098591517489	0
435, 7879.990415046936	0
436, 7835.841959195473	0
437, 7861.377143949176	0
438, 7744.179362160862	0
439, 7658.03433942852	0
440, 7705.544182296895	0
441, 7523.929432608134	0
442, 7372.688948549705	0
443, 7250.817179074814	0
444, 7199.028279402031	0
445, 7110.954728619919	0
446, 7146.724933004211	0
447, 7045.598535705372	0
448, 6969.105747565723	0
449, 6966.679485377245	0
450, 6988.5765205588405	0
451, 6996.115128030776	0
452, 7003.7375389666595	0
453, 6981.557984775432	0
454, 6950.7419249308605	0
455, 6910.976326519831	0
456, 6992.12329709667	0
457, 7042.980394340078	0
458, 7034.851612027434	0
459, 7106.159200584424	0
460, 7158.828122779605	0
461, 7118.374702224213	0
462, 7219.848463856017	0
463, 7249.16097317524	0
464, 7288.987829605496	0
465, 7463.104085683198	0
466, 7520.0389360080935	0
467, 7609.262212847797	0
468, 7634.460199925749	0
469, 7755.16535068901	0
470, 7683.716659697547	0
471, 7813.679715695255	0
472, 7799.666136809671	0
473, 7908.604710791371	0
474, 7896.202547870955	0
475, 7723.816493225424	0
476, 7779.5014218114775	0
477, 7745.5743827368415	0
478, 7772.43483212514	0
479, 7569.162510000863	0
480, 7599.855620286972	0
481, 7467.740417735604	0
482, 7419.147868449144	0
483, 7292.425296341973	0
484, 7228.625308441474	0
485, 7174.1933275076	0
486, 7141.965005707314	0
487, 7116.083861344591	0
488, 7100.31801716675	0
489, 7099.870603829014	0
490, 7103.955375531661	0
491, 7085.661429601001	0
492, 7145.830595888149	0
493, 7044.492099926539	0
494, 7091.618273694102	0
495, 7143.493173144441	0
496, 7319.101820321675	0
497, 7310.416277239344	0
498, 7380.822411590508	0
499, 7402.900951997419	0
500, 7528.591957068187	0
501, 7540.091836076747	0
502, 7620.214910993002	0
503, 7795.567869149053	0
504, 7779.419887271125	0
505, 7808.481967990336	0
506, 7770.284652250822	0
507, 7742.852295780304	0
508, 7735.193237571262	0
509, 7601.672423606054	0
510, 7555.123870182993	0
511, 7509.095444820637	0
512, 7386.8364683355885	0
513, 7328.99737326778	0
514, 7223.135934904672	0
515, 7224.765893227942	0
516, 7184.9269923443235	0
517, 7027.05184881289	0
518, 7146.408059439163	0
519, 7135.655765944464	0
520, 7150.811359205138	0
521, 7147.004222558234	0
522, 7139.856935572127	0
523, 7087.385164189064	0
524, 7118.748867457863	0
525, 7089.217126893116	0
526, 7144.184716758449	0
527, 7092.181698176501	0
528, 7135.773265586678	0
529, 7199.246427419831	0
530, 7254.964631484523	0
531, 7330.273209529588	0
532, 7401.4825189844805	0
533, 7470.612221104059	0
534, 7526.717630824475	0
535, 7599.056490149978	0
536, 7739.727991006364	0
537, 7792.444793998794	0
538, 7778.790520249079	0
539, 7758.498574789916	0
540, 7730.772899448405	0
541, 7753.245001792685	0
542, 7733.949366470827	0
543, 7717.838747875035	0
544, 7647.886423763737	0
545, 7563.959610320328	0
546, 7541.082116417406	0
547, 7421.360244445208	0
548, 7416.710663013237	0
549, 7439.378660884128	0
550, 7412.958607232572	0
551, 7362.679823198084	0
552, 7262.1081577041605	0
553, 7278.079240838841	0
554, 7319.314958834067	0
555, 7283.031807770338	0
556, 7338.149172511721	0
557, 7269.10176601348	0
558, 7269.921118003596	0
559, 7280.194117271168	0
560, 7313.985852730325	0
561, 7187.171174401444	0
562, 7151.800278675669	0
563, 7170.464519825524	0
564, 7264.227842499369	0
565, 7371.523618423162	0
566, 7316.734270929305	0
567, 7312.831372458972	0
568, 7257.935012964119	0
569, 7387.846336924329	0
570, 7493.649220222257	0
571, 7487.977270844688	0
572, 7487.62768736025	0
573, 7524.179597747386	0
574, 7545.194691924985	0
575, 7609.301917912041	0
576, 7596.2682130186	0
577, 7702.698352691788	0
578, 7790.221247928283	0
579, 7757.439201703025	0
580, 7651.739775713333	0
581, 7654.594517193813	0
582, 7607.062757563675	0
583, 7667.675288259996	0
584, 7614.430418052105	0
585, 7488.738618621707	0
586, 7459.838868669582	0
587, 7481.786781151393	0
588, 7390.152846068401	0
589, 7367.532898911283	0
590, 7376.505579560855	0
591, 7321.685179567339	0
592, 7377.15111942087	0
593, 7446.942416752948	0
594, 7482.8797296498315	0
595, 7427.795867050254	0
596, 7501.8972181552035	0
597, 7582.200368336718	0
598, 7531.809503304138	0
599, 7519.901758805398	0
600, 7580.284737818591	0
601, 7579.473489033301	0
602, 7408.59552238334	0
603, 7492.646135133332	0
604, 7467.9902328608505	0
605, 7497.788128189074	0
606, 7536.574454872324	0
607, 7501.014922458094	0
608, 7495.931153020061	0
609, 7543.745721905188	0
610, 7514.121084461467	0
611, 7547.0665948584965	0
612, 7496.773025380792	0
613, 7526.422088964778	0
614, 7519.954876231245	0
615, 7579.06705924961	0
616, 7647.404789066591	0
617, 7544.6408011836365	0
618, 7519.409277228714	0
619, 7418.842410263048	0
620, 7545.476682625679	0
621, 7585.352448865464	0
622, 7465.107928024244	0
623, 7520.77799362919	0
624, 7488.76145195423	0
625, 7525.894668865946	0
626, 7596.652708011748	0
627, 7486.811298378887	0
628, 7471.25098122537	0
629, 7506.818965283622	0
630, 7584.4201577604645	0
631, 7445.196374035133	0
632, 7480.336443502025	0
633, 7627.40649771602	0
634, 7507.446980380211	0
635, 7562.047285031508	0
636, 7558.003632030348	0
637, 7576.083308868612	0
638, 7617.190113605476	0
639, 7649.385273436888	0
640, 7645.234194085199	0
641, 7727.8392954501915	0
642, 7686.146090883821	0
643, 7703.9170565135455	0
644, 7821.74051384197	0
645, 7815.617849693724	0
646, 7809.743753390471	0
647, 7855.815145435654	0
648, 7924.882416205962	0
649, 7946.333123870964	0
650, 7980.730334403246	0
651, 8005.388518026003	0
652, 8029.578714937956	0
653, 8089.093259367101	0
654, 8139.251093164577	0
655, 8089.224043235162	0
656, 8015.050637579682	0
657, 8149.542500162267	0
658, 8121.796580532547	0
659, 8108.766268707599	0
660, 8047.706250047406	0
661, 8077.22539811545	0
662, 8136.096402862568	0
663, 7988.658200319383	0
664, 7961.428362221536	0
665, 7933.658156319343	0
666, 7861.341485538203	0
667, 7866.7319601963345	0
668, 7767.893968148555	0
669, 7610.623691107491	0
670, 7534.608720962818	0
671, 7438.030670327008	0
672, 7319.18857521387	0
673, 7241.553532779976	0
674, 7232.5322694493925	0
675, 7066.464615650654	0
676, 7034.232887209315	0
677, 6936.396488276183	0
678, 6917.773684668077	0
679, 6868.368787966804	0
680, 6845.4946617423375	0
681, 6806.794294325931	0
682, 6807.25885837591	0
683, 6908.954859710517	0
684, 6930.0650033815455	0
685, 6880.545531300132	0
686, 7004.066712589449	0
687, 7028.539946835313	0
688, 6993.2700406656195	0
689, 7117.190920941174	0
690, 7093.851620040883	0
691, 7127.248578361762	0
692, 7222.237059422401	0
693, 7315.787205243278	0
694, 7342.811530916693	0
695, 7444.540192431782	0
696, 7432.197298785824	0
697, 7551.946701102357	0
698, 7733.602758037952	0
699, 7847.969600211896	0
700, 7856.869983984059	0
701, 7871.129616143796	0
702, 8002.360777601659	0
703, 8045.6221940071655	0
704, 7985.15586806554	0
705, 8083.917917853521	0
706, 7979.888089398374	0
707, 8003.819770050712	0
708, 8033.3266870794805	0
709, 8019.135066423377	0
710, 7884.648589605859	0
711, 7929.692246060667	0
712, 7820.834746160616	0
713, 7692.612158886156	0
714, 7621.032711734908	0
715, 7512.703862269771	0
716, 7453.201279719293	0
717, 7434.883006881466	0
718, 7309.860630145549	0
719, 7266.333677616471	0
720, 7327.37513086574	0
721, 7308.37070889881	0
722, 7136.581490044733	0
723, 7226.112436272722	0
724, 7188.508318605937	0
725, 7194.20742144439	0
726, 7181.4047971558275	0
727, 7209.7862211439715	0
728, 7339.3712890407705	0
729, 7276.647957798765	0
730, 7257.543226520881	0
731, 7328.192033812625	0
732, 7469.249636591769	0
733, 7540.346001129684	0
734, 7604.457814982926	0
735, 7599.499993851513	0
736, 7653.81232519262	0
737, 7615.334723516852	0
738, 7650.549627241522	0
739, 7616.002108405252	0
740, 7648.854936082371	0
741, 7621.464038061811	0
742, 7638.243819390685	0
743, 7673.6546717756255	0
744, 7771.581622153823	0
745, 7736.746907589267	0
746, 7607.141726191964	0
747, 7670.560265909505	0
748, 7650.858026169284	0
749, 7604.6350077951265	0
750, 7606.9517362546	0
751, 7431.238730204451	0
752, 7560.632655882574	0
753, 7453.622369358341	0
754, 7563.083753883426	0
755, 7472.463126504878	0
756, 7484.154420211006	0
757, 7533.247250156626	0
758, 7608.285236169707	0
759, 7601.480114662356	0
760, 7703.914496842794	0
761, 7665.354672211811	0
762, 7764.226208800513	0
763, 7764.539861927352	0
764, 7822.6356285062375	0
765, 7897.1414873448775	0
766, 7937.52255944325	0
767, 7963.140705184248	0
768, 8075.479346299567	0
769, 8094.052063786792	0
770, 8187.566101464164	0
771, 8238.006514078384	0
772, 8293.055169432897	0
773, 8281.671971182752	0
774, 8409.14701125455	0
775, 8306.018771319936	0
776, 8322.867150950653	0
777, 8252.919828049382	0
778, 8297.059209806646	0
779, 8248.343153062648	0
780, 7984.625603924106	0
781, 7933.325268756796	0
782, 7998.156535860087	0
783, 7756.720081263283	0
784, 7740.519409012327	0
785, 7586.76319195702	0
786, 7506.248412562216	0
787, 7367.69086117202	0
788, 7327.417687128015	0
789, 7152.382362312032	0
790, 7145.976714202386	0
791, 7203.160906764841	0
792, 7068.109149907223	0
793, 7066.519414274339	0
794, 7088.673259340396	0
795, 7056.140440658036	0
796, 7086.831274081771	0
797, 7186.344820123051	0
798, 7128.260705394444	0
799, 7276.956795730004	0
800, 7337.648068985786	0
801, 7445.344341403113	0
802, 7578.222821643152	0
803, 7691.649299823395	0
804, 7649.3743013778085	0
805, 7638.929356396478	0
806, 7772.230423380875	0
807, 7850.897773942772	0
808, 7858.765703830807	0
809, 7833.030495320065	0
810, 7798.7045359384665	0
811, 7631.854609983601	0
812, 7614.8910463704715	0
813, 7555.254913228199	0
814, 7526.6654924301565	0
815, 7547.565465862252	0
816, 7394.777330252638	0
817, 7347.6558996298	0
818, 7348.846198746655	0
819, 7310.525225527721	0
820, 7246.172082563268	0
821, 7300.293017603112	0
822, 7523.379777055365	0
823, 7480.060771596485	0
824, 7473.796307998012	0
825, 7450.447580078249	0
826, 7462.615002104509	0
827, 7636.780350413945	0
828, 7717.518491131389	0
829, 7705.362439178858	0
830, 7653.873373328824	0
831, 7669.180548223765	0
832, 7395.32598132507	0
833, 7462.93592081342	0
834, 7413.640930677314	0
835, 7404.851303257202	0
836, 7443.9403673578245	0
837, 7504.679776197785	0
838, 7635.996770859449	0
839, 7627.875356373474	0
840, 7509.142884524277	0
841, 7352.187307312427	0
842, 7371.406748010717	0
843, 7439.784949882182	0
844, 7555.459543158167	0
845, 7586.833419362171	0
846, 7588.418960570643	0
847, 7623.97780567729	0
848, 7538.513384690103	0
849, 7425.169076731374	0
850, 7338.070861522165	0
851, 7275.729218728575	0
852, 7483.680595777854	0
853, 7572.667322338086	0
854, 7515.891201837169	0
855, 7535.661990619458	0
856, 7507.004796942065	0
857, 7561.4603237534875	0
858, 7574.574267523789	0
859, 7568.989966462296	0
860, 7540.920823987544	0
861, 7337.454865799202	0
862, 7320.187104643219	0
863, 7388.142319295735	0
864, 7494.261871952052	0
865, 7428.17503590329	0
866, 7502.450915400607	0
867, 7483.053608556623	0
868, 7465.857019021917	0
869, 7379.3944295383035	0
870, 7518.58724400884	0
871, 7670.460720562542	0
872, 7690.9964438318175	0
873, 7675.452930809964	0
874, 7640.820264627875	0
875, 7469.829327222927	0
876, 7331.318032985874	0
877, 7319.060926175176	0
878, 7492.219782693416	0
879, 7563.541940693563	0
880, 7502.980824720966	0
881, 7485.758572722182	0
882, 7449.70213879146	0
883, 7447.103645071982	0
884, 7352.811658097879	0
885, 7372.154184291165	0
886, 7326.137115738333	0
887, 7546.209706922003	0
888, 7438.587092058281	0
889, 7392.214892814307	0
890, 7518.978502274533	0
891, 7660.329331345228	0
892, 7549.8236959042915	0
893, 7568.033063443681	0
894, 7542.003609965555	0
895, 7588.595561408978	0
896, 7845.35790175075	0
897, 7920.315804974535	0
898, 7728.680310850827	0
899, 7704.906480885141	0
900, 7721.050886020946	0
901, 7851.974397695263	0
902, 7610.712161188667	0
903, 7617.861334675204	0
904, 7544.608023819412	0
905, 7401.200632044429	0
906, 7422.509373178538	0
907, 7325.874269940747	0
908, 7258.52342835696	0
909, 7257.366212814597	0
910, 7315.910792597569	0
911, 7410.912681716824	0
912, 7362.546028023615	0
913, 7383.537687370811	0
914, 7362.174354296584	0
915, 7474.468592119757	0
916, 7707.175382145842	0
917, 7702.696674593973	0
918, 7646.78647562478	0
919, 7401.037946906425	0
920, 7532.73430472265	0
921, 7531.897359001144	0
922, 7543.423370111302	0
923, 7499.2171890158015	0
924, 7514.616258795518	0
925, 7495.873025173642	0
926, 7554.345172315132	0
927, 7507.452552274836	0
928, 7361.420087678174	0
929, 7292.826124764731	0
930, 7338.208501141775	0
931, 7547.044950393865	0
932, 7564.770105180094	0
933, 7522.923224611642	0
934, 7516.200267784226	0
935, 7526.794143488792	0
936, 7533.295521475665	0
937, 7412.256769296666	0
938, 7342.102117254335	0
939, 7382.772869456056	0
940, 7524.705520088791	0
941, 7626.849101446197	0
942, 7635.073434903953	0
943, 7594.787951894353	0
944, 7569.449634190367	0
945, 7399.247590426675	0
946, 7344.45017641844	0
947, 7376.080043587112	0
948, 7417.328842719211	0
949, 7631.008238078068	0
950, 7613.123090802032	0
951, 7618.676854106339	0
952, 7456.841517919231	0
953, 7401.9189685883275	0
954, 7343.894968935795	0
955, 7577.459421694852	0
956, 7660.529215548885	0
957, 7599.519817424744	0
958, 7379.463617210174	0
959, 7413.717396576259	0
960, 7405.883580157741	0
961, 7460.856984013539	0
962, 7592.100942218426	0
963, 7654.884422455599	0
964, 7604.4890072101	0
965, 7473.321239233688	0
966, 7444.516438246876	0
967, 7491.7662906101095	0
968, 7527.093834161196	0
969, 7482.595488290117	0
970, 7531.289694581144	0
971, 7562.746144436291	0
972, 7582.230328483325	0
973, 7550.507714305847	0
974, 7550.003845178143	0
975, 7500.894052880072	0
976, 7339.534251823531	0
977, 7368.255734841782	0
978, 7455.220578516254	0
979, 7403.401144395295	0
980, 7444.346683759937	0
981, 7530.169502961107	0
982, 7602.18561438064	0
983, 7591.543457533434	0
984, 7484.649740934946	0
985, 7446.549906010745	0
986, 7487.193382115716	0
987, 7488.36654918829	0
988, 7493.769729691903	0
989, 7553.139506807737	0
990, 7517.419792146834	0
991, 7575.494298292936	0
992, 7638.073761662603	0
993, 7641.093717699552	0
994, 7640.2084955765995	0
995, 7529.724000164868	0
996, 7437.6671202724965	0
997, 7469.4830625059785	0
998, 7518.849903319243	0
999, 7567.622246158084	0
1000, 7434.7144240899515	0
1001, 7466.492268310896	0
1002, 7494.014227403732	0
1003, 7494.487801025334	0
1004, 7588.687322556776	0
1005, 7564.008588111011	0
1006, 7480.4653204842125	0
1007, 7611.117284923809	0
1008, 7590.904231170867	0
1009, 7520.960601345167	0
1010, 7573.309726773013	0
1011, 7548.385093618623	0
1012, 7520.932134580104	0
1013, 7602.28249145656	0
1014, 7637.886977202696	0
1015, 7663.457136170594	0
1016, 7650.631178216165	0
1017, 7726.467928862901	0
