1, 6346.162438848401	370.3520739470103	6346.162438848401	0
2, 6357.944662913728	388.814128045072	11.782224065327682	0
3, 6466.73519438989	375.5979070367667	108.79053147616196	0
4, 6694.019847188935	409.4156460883419	227.28465279904503	0
5, 6859.868768544699	384.61024406000945	165.8489213557641	0
6, 7108.345007026095	451.6927755058757	248.47623848139574	0
7, 7304.202733134786	388.68022464940424	195.85772610869117	0
8, 7659.22490484129	463.6108618704618	355.0221717065033	0
9, 7957.810216207076	473.00675653008295	298.58531136578677	0
10, 8222.85094878457	492.9119019987342	265.04073257749315	0
11, 8483.76090083179	475.3868679962213	260.90995204722094	0
12, 8853.62593017101	501.85428479555145	369.8650293392202	0
13, 9097.05342224848	521.321232804856	243.42749207746965	0
14, 9532.823798930554	537.4087490950948	435.77037668207413	0
15, 9702.078006291153	570.8013881671066	169.25420736059823	0
16, 9896.592443035062	586.5543790386847	194.51443674390976	0
17, 10115.537730322745	521.2866849086547	218.94528728768273	0
18, 10443.821899872995	586.6064169791827	328.2841695502502	0
19, 10456.678643893358	622.5330597654228	12.856744020362385	0
20, 10386.279775170193	615.0730459611044	-70.39886872316492	0
21, 10383.768009197409	608.8349989573679	-2.5117659727839055	0
22, 10283.910585282096	570.7667192538141	-99.85742391531312	0
23, 10388.915519198648	562.8779945798576	105.00493391655255	0
24, 10341.999354366844	625.2611260553563	-46.91616483180405	0
25, 10398.184382304751	592.3168780798825	56.18502793790685	0
26, 9870.820553640511	578.7405563455911	-527.3638286642399	0
27, 9953.14399983365	519.6163042558835	82.3234461931388	0
28, 9882.380072173146	604.5902975163697	-70.76392766050412	0
29, 9658.202864346902	556.8255289976222	-224.17720782624383	0
30, 9460.785324923285	533.6873548311476	-197.4175394236172	0
31, 9243.900028294442	529.695071089843	-216.8852966288432	0
32, 9045.211787732716	541.6292133279153	-198.68824056172525	0
33, 8826.410412516678	519.4700913552862	-218.80137521603865	0
34, 8710.218111439908	488.4375342940019	-116.19230107676958	0
35, 8415.417970841156	492.1238864366377	-294.8001405987525	0
36, 8173.717277668093	490.14873808164737	-241.70069317306297	0
37, 8079.657350191056	432.0584917729713	-94.05992747703658	0
38, 7958.00968633506	456.9432642684958	-121.64766385599614	0
39, 7862.65304249075	473.21250515750046	-95.35664384431038	0
40, 7650.31403634869	432.5505238051317	-212.3390061420596	0
41, 7633.727317018158	428.79889921236605	-16.586719330532105	0
42, 7473.107161398282	386.28460320506514	-160.62015561987573	0
43, 7354.600964680672	450.70722834944945	-118.50619671760978	0
44, 7243.444983849719	408.4632170286351	-111.15598083095301	0
45, 7261.5972372938995	430.5519720617506	18.152253444180133	0
46, 7136.068050721796	425.1172415464171	-125.52918657210375	0
47, 7123.651462494334	415.72072450556163	-12.416588227461943	0
48, 7096.999918295239	428.59802519914683	-26.651544199095042	0
49, 7112.884573181494	427.37921794716647	15.884654886254793	0
50, 7139.362525365196	422.7855236981576	26.477952183702655	0
51, 7093.257003680286	383.6356291039386	-46.105521684909945	0
52, 7070.025226636263	435.64674701038797	-23.231777044023147	0
53, 7121.5935108295225	399.2742323000153	51.56828419325939	0
54, 7082.585661116508	432.0677159583264	-39.007849713014366	0
55, 7113.596412639677	399.28128678598074	31.010751523168437	0
56, 7199.948119459352	463.4571994852658	86.3517068196752	0
57, 7272.7535720084925	415.9631269239273	72.80545254914068	0
58, 7274.904259539293	433.9586121036544	2.1506875308004965	0
59, 7299.361997443805	466.8685880951549	24.457737904512214	0
60, 7404.141322975825	442.6363160091918	104.77932553201936	0
61, 7493.466251207677	430.9756688364464	89.32492823185203	0
62, 7481.019799934875	478.95519810475423	-12.446451272801824	0
63, 7485.043071542623	463.9986331125613	4.023271607748029	0
64, 7495.053830941263	435.354203972889	10.010759398640403	0
65, 7596.483981672906	451.016893416602	101.43015073164315	0
66, 7767.164777044467	421.7811155429253	170.68079537156063	0
67, 7770.191608043154	442.2718191837025	3.026830998686819	0
68, 7717.47913838441	441.05312342357803	-52.71246965874343	0
69, 7714.475285241385	437.531123545507	-3.0038531430254807	0
70, 7631.394816628874	467.27160896841696	-83.08046861251114	0
71, 7688.325617624953	450.18664975573625	56.9308009960796	0
72, 7698.209749288363	412.4534819758931	9.88413166340979	0
73, 7349.498723277741	468.2765587015615	-348.71102601062194	0
74, 7384.250423569891	401.7504672836743	34.75170029214951	0
75, 7535.865077681528	472.8017787673768	151.61465411163772	0
76, 7616.37794086147	474.5910120030675	80.51286317994163	0
77, 7510.316060690162	451.9062245269817	-106.06188017130808	0
78, 7566.847191839174	451.9389155997298	56.53113114901225	0
79, 7517.397602434071	454.17112077759083	-49.449589405103325	0
80, 7493.320673412298	418.64220235198127	-24.07692902177314	0
81, 7509.442180711108	447.7022886949449	16.121507298810684	0
82, 7410.730618896482	412.5658561703215	-98.7115618146263	0
83, 7381.791382714157	406.64948382211503	-28.93923618232475	0
84, 7327.055757647979	446.0143617393606	-54.73562506617873	0
85, 7278.227165810765	446.6639545626017	-48.828591837213935	0
86, 7293.012973852182	448.83323324441807	14.785808041417113	0
87, 7428.254141123915	415.7291383139109	135.2411672717335	0
88, 7429.602886177988	440.51358501854554	1.348745054072424	0
89, 7418.656278904685	453.9861529960164	-10.946607273303016	0
90, 7372.024740217531	440.9600518875156	-46.63153868715381	0
91, 7342.053307503328	450.5001577562335	-29.97143271420282	0
92, 7401.199864051557	435.38826550998346	59.146556548228546	0
93, 7532.043594895761	467.5209150920241	130.8437308442044	0
94, 7519.202730500903	448.8140894860113	-12.840864394857817	0
95, 7576.690258742831	425.29526115403337	57.487528241927976	0
96, 7619.590446137541	437.39561259966905	42.900187394709974	0
97, 7717.288948390508	474.63723496154057	97.69850225296705	0
98, 7717.073210355373	397.92450502051906	-0.21573803513547318	0
99, 7747.957238616168	417.43514363211074	30.884028260795276	0
100, 7877.707418780467	444.76208307551934	129.7501801642993	0
101, 7855.3586392651	451.9420163171782	-22.348779515367823	0
102, 7906.619103302637	438.3804901706484	51.26046403753753	0
103, 8025.511537169169	473.02312326298704	118.89243386653197	0
104, 7640.897856314384	429.383616515935	-384.61368085478534	0
105, 7705.015452752013	453.00422371584074	64.11759643762889	0
106, 7741.875990004665	440.630897246354	36.86053725265265	0
107, 7624.001704906327	432.47342219188386	-117.87428509833808	0
108, 7496.675615600299	443.89741982476266	-127.32608930602782	0
109, 7563.622970599701	443.35271756199944	66.9473549994018	0
110, 7599.265937812823	445.0505810485978	35.642967213121665	0
111, 7516.341164517975	425.4651793306012	-82.92477329484791	0
112, 7371.295396121578	411.5385312333861	-145.04576839639685	0
113, 7449.858251212785	447.52616796420614	78.56285509120698	0
114, 7437.167284747571	416.06453331311303	-12.690966465213933	0
115, 7451.946351643565	426.2341161948074	14.77906689599422	0
116, 7472.830716142929	399.4914514352696	20.884364499363983	0
117, 7240.486644470817	426.7710937957978	-232.34407167211248	0
118, 7185.166871114052	415.28716386435525	-55.31977335676493	0
119, 7224.024541975123	413.00200692875626	38.8576708610708	0
120, 7237.302641294065	420.8949656449102	13.278099318942623	0
121, 7248.477694181235	412.13947877869185	11.17505288716984	0
122, 7298.535305982666	413.0614318999414	50.05761180143054	0
123, 7462.326609140987	425.0165780732823	163.79130315832117	0
124, 7481.109779213555	419.96226812640583	18.783170072568282	0
125, 7492.754774777747	429.9705149652225	11.644995564191959	0
126, 7497.764010711348	438.91726031982233	5.009235933601303	0
127, 7565.231281473049	467.3671502325715	67.467270761701	0
128, 7520.059929028692	455.461560984635	-45.17135244435758	0
129, 7583.8110989773595	421.5052404375563	63.751169948667666	0
130, 7289.883340885183	447.75769811034183	-293.9277580921762	0
131, 7259.611327574232	399.53014244067424	-30.27201331095148	0
132, 7514.117742050663	445.70748229486907	254.50641447643102	0
133, 7540.93511453162	450.39825973193234	26.817372480956692	0
134, 7566.247028888312	466.6027788457663	25.311914356692796	0
135, 7531.379881900052	407.25875566097193	-34.867146988260174	0
136, 7569.454668726307	411.54733267535073	38.07478682625515	0
137, 7405.548670409877	423.2953768561515	-163.90599831643067	0
138, 7348.368766572293	439.819023992148	-57.17990383758388	0
139, 7410.794222162818	463.287552777083	62.42545559052542	0
140, 7568.904716020976	419.65398648147413	158.1104938581575	0
141, 7675.0880358683835	432.6346889226385	106.1833198474078	0
142, 7442.772784602236	412.26556082139257	-232.31525126614724	0
143, 7366.924680471354	425.3583755849231	-75.84810413088235	0
144, 7312.7884419574575	409.29821861398995	-54.13623851389639	0
145, 7547.435989702581	381.89707794434935	234.64754774512312	0
146, 7604.861503501544	441.0061571941284	57.42551379896304	0
147, 7610.798518338628	441.3787687853114	5.937014837084462	0
148, 7616.9791339478115	429.6374689021689	6.1806156091834055	0
149, 7553.584575283458	437.5867602487501	-63.3945586643531	0
150, 7436.7113761971395	410.3686661007204	-116.87319908631889	0
151, 7432.662576469319	418.1567098853446	-4.048799727820551	0
152, 7496.268092763598	408.4352258693899	63.60551629427937	0
153, 7677.869536070888	434.1935333237441	181.60144330728963	0
154, 7629.295172326945	442.5087783520032	-48.57436374394274	0
155, 7436.731987319874	409.4635510535861	-192.5631850070713	0
156, 7447.359619708465	399.48845840529003	10.627632388591337	0
157, 7524.267582278052	444.46968984287173	76.90796256958674	0
158, 7710.613511170214	425.4502133406241	186.3459288921622	0
159, 7643.678218961112	429.77124711290855	-66.93529220910204	0
160, 7553.427511226553	436.7409294167419	-90.250707734559	0
161, 7489.156839458285	428.2696754519213	-64.27067176826858	0
162, 7486.632419522082	425.2877205127957	-2.524419936202321	0
163, 7511.560679276316	405.167880765638	24.928259754233295	0
164, 7521.364473057712	448.0846655607609	9.803793781396053	0
165, 7520.825294357899	446.4243400661805	-0.5391786998125099	0
166, 7483.961470963497	403.8071424457893	-36.86382339440206	0
167, 7457.962947767	392.85269826820513	-25.998523196497445	0
168, 7542.990531180076	428.81485808803217	85.02758341307617	0
169, 7608.926289098468	467.313777428261	65.93575791839248	0
170, 7517.7643489115235	459.8370178304194	-91.16194018694478	0
171, 7556.995114622191	434.5530853805954	39.23076571066758	0
172, 7495.824462620124	436.3624818267383	-61.17065200206707	0
173, 7482.520253624625	446.8597119531238	-13.304208995498811	0
174, 7379.212443426864	429.59909598589013	-103.30781019776077	0
175, 7397.79620214112	437.8887783762281	18.583758714255964	0
176, 7614.771480159557	446.4003647405319	216.97527801843626	0
177, 7638.072995767746	454.56207662028515	23.30151560818922	0
178, 7436.725997501711	426.70398343414024	-201.34699826603446	0
179, 7451.539102289873	428.29609500709233	14.813104788161581	0
180, 7452.872572302947	437.52054048767235	1.333470013074475	0
181, 7455.563694612764	438.046997016667	2.6911223098168193	0
182, 7463.889332272435	437.2383982391769	8.325637659670974	0
183, 7433.9242050241855	423.8810485174946	-29.9651272482497	0
184, 7583.213094369135	432.10674476304615	149.2888893449499	0
185, 7629.674755406742	477.02012622255165	46.46166103760697	0
186, 7563.127888658525	506.2165585827636	-66.54686674821733	0
187, 7541.46646833185	421.4795453635501	-21.661420326675398	0
188, 7561.798664820203	413.4427503242146	20.332196488353475	0
189, 7533.131166738045	411.08107417053986	-28.66749808215809	0
190, 7575.042597268554	450.9498109369559	41.91143053050928	0
191, 7575.53510038089	420.0711360196736	0.49250311233572575	0
192, 7620.25897521384	422.7636419572983	44.72387483295006	0
193, 7667.107277898148	436.81726786387225	46.84830268430778	0
194, 7678.474008800996	422.75076251754024	11.366730902847848	0
195, 7697.992644845655	402.50890353702266	19.518636044659615	0
196, 7717.962578504345	432.4612229404947	19.969933658690024	0
197, 7713.904419242528	487.6709530329398	-4.058159261817309	0
198, 7550.118221403713	413.65036338227674	-163.7861978388155	0
199, 7668.964709202085	469.10668023875814	118.84648779837244	0
200, 7610.429466307466	433.3718582087806	-58.53524289461893	0
201, 7716.855875661928	442.39906073707726	106.42640935446161	0
202, 7623.037451198637	427.0315297910439	-93.81842446329028	0
203, 7606.39646059605	451.3306898812267	-16.640990602587408	0
204, 7612.934399399228	435.53717024411696	6.537938803177894	0
205, 7643.790716188875	419.57585580372455	30.85631678964728	0
206, 7647.9630057309405	480.1414836056265	4.1722895420653	0
207, 7599.607913652314	468.8116956512053	-48.35509207862651	0
208, 7623.80664857947	468.12519437607904	24.198734927155783	0
209, 7697.482816703626	407.0380113709698	73.67616812415599	0
210, 7657.959700528108	436.28227546690505	-39.523116175517316	0
211, 7733.147950822008	430.799187830696	75.18825029389973	0
212, 7693.030740155013	421.036871232233	-40.11721066699556	0
213, 7704.486373615851	486.696682633721	11.455633460838726	0
214, 7782.670236344351	441.0695534483914	78.18386272849966	0
215, 7804.223142609323	458.7122705557171	21.55290626497208	0
216, 7791.321996406034	416.8341715802006	-12.9011462032895	0
217, 7858.50200523525	456.91620008823537	67.1800088292166	0
218, 7849.984112318906	457.3982361890469	-8.517892916343953	0
219, 7975.196300211485	435.5382478696571	125.2121878925791	0
220, 7957.702820522904	448.46302119245155	-17.49347968858092	0
221, 7969.480328289307	465.42394202310436	11.777507766402778	0
222, 8051.662334564787	454.9474733949543	82.18200627547958	0
223, 8181.350405055359	475.547184663324	129.6880704905725	0
224, 8196.308311643019	478.3215651783941	14.957906587659636	0
225, 8315.361767612483	493.81430435488494	119.05345596946427	0
226, 8256.609438283342	465.6779479690667	-58.7523293291415	0
227, 8468.681297672656	489.5021544377212	212.07185938931434	0
228, 8490.48863458176	476.32504640005385	21.80733690910347	0
229, 8486.164318860861	483.71125618612746	-4.324315720898085	0
230, 8610.440196180276	527.9463055526367	124.27587731941458	0
231, 8652.524161994652	512.3503020567906	42.083965814375915	0
232, 8658.058439907083	525.2990656075965	5.534277912431207	0
233, 8665.033429750394	509.38159272922985	6.97498984331105	0
234, 8568.342505030772	455.11737587606353	-96.69092471962176	0
235, 8643.064022909155	488.29700300641446	74.72151787838266	0
236, 8558.38714333114	499.1629193182137	-84.67687957801536	0
237, 8528.480739381717	538.3397994692878	-29.906403949422383	0
238, 8532.14336549581	473.6531651557279	3.662626114091836	0
239, 8534.818751322968	515.8481135938188	2.675385827158607	0
240, 8438.295770646811	470.2567465069488	-96.5229806761563	0
241, 8321.29871476024	461.24479227431453	-116.99705588657162	0
242, 8286.823862307943	511.8084842413723	-34.474852452296545	0
243, 8276.181058478736	500.0524454309905	-10.642803829206969	0
244, 8106.900367549444	473.16445468117007	-169.28069092929218	0
245, 8140.600618229095	504.57613912942725	33.70025067965071	0
246, 7954.1114042090585	440.89585281622925	-186.48921402003634	0
247, 7811.6235622312415	430.45484119638115	-142.48784197781697	0
248, 7768.541119102519	440.9977183248163	-43.08244312872284	0
249, 7676.319149853753	410.07829377433126	-92.22196924876607	0
250, 7619.8342813146455	437.1222441476569	-56.48486853910708	0
251, 7616.778837815737	447.3576512680724	-3.0554434989089714	0
252, 7500.728977960929	500.1617531210071	-116.04985985480744	0
253, 7475.669096190037	439.5324122442768	-25.05988177089239	0
254, 7388.356335369927	430.2109413888444	-87.31276082010936	0
255, 7363.032214914513	413.857132890231	-25.32412045541423	0
256, 7283.8118659507945	428.1581111194216	-79.2203489637186	0
257, 7132.55123459851	425.90652644299973	-151.2606313522847	0
258, 7203.823213534263	431.38098880313976	71.2719789357534	0
259, 7169.759551422612	417.07847459434663	-34.063662111650956	0
260, 7112.324815808408	414.74688160335916	-57.43473561420433	0
261, 6987.225413925201	393.15501231180855	-125.09940188320707	0
262, 7081.117036596125	399.8791502488523	93.89162267092433	0
263, 7049.094322445747	414.35421437587127	-32.022714150378306	0
264, 7167.720731390472	395.1567268940076	118.62640894472497	0
265, 7184.444218000237	424.9136013312547	16.723486609765132	0
266, 7153.993267690557	425.93516177537424	-30.450950309679683	0
267, 7227.5968771460275	440.6552435392296	73.60360945547018	0
268, 7270.404466988718	411.48290602749086	42.807589842690504	0
269, 7318.363203674103	404.0361462863289	47.95873668538479	0
270, 7288.8278033600445	424.1923542980345	-29.53540031405828	0
271, 7432.168677954544	433.71120360941813	143.34087459449984	0
272, 7374.95544006676	431.7828187637379	-57.21323788778409	0
273, 7401.319135191386	447.2798925570804	26.363695124625337	0
274, 7526.774720672596	388.0279182067074	125.45558548121062	0
275, 7571.181372615269	440.48810448997057	44.4066519426724	0
276, 7530.9795813985	424.488725424213	-40.20179121676847	0
277, 7590.456959209554	465.06615645427763	59.477377811053884	0
278, 7703.316485672827	458.93469258798046	112.85952646327314	0
279, 7720.152507700735	461.59910960748823	16.836022027908257	0
280, 7740.978710258656	468.4374722272096	20.826202557920624	0
281, 7748.4613839023505	420.6900782141019	7.4826736436943975	0
282, 7739.572736356926	467.19334044282465	-8.888647545424647	0
283, 7738.169513316612	463.73578338578386	-1.4032230403136055	0
284, 7730.983699401337	458.2575307894377	-7.185813915275503	0
285, 7790.371276171158	420.9580859651903	59.38757676982095	0
286, 7755.414252877028	447.4730336669295	-34.95702329412961	0
287, 7714.174997786427	433.5463023067126	-41.239255090600636	0
288, 7719.866260998479	431.83364555002976	5.691263212052036	0
289, 7731.410867602194	423.4697584711849	11.544606603714783	0
290, 7779.122001662537	443.1730400750562	47.711134060342374	0
291, 7688.264214384481	463.63199396521287	-90.85778727805518	0
292, 7793.5763438501	467.36120390731975	105.31212946561845	0
293, 7802.281510138268	464.2548207451579	8.705166288167675	0
294, 7619.029686710565	472.1136180208069	-183.25182342770222	0
295, 7619.663962142036	435.482955905729	0.6342754314709964	0
296, 7529.434753519468	470.9248400823297	-90.22920862256797	0
297, 7502.839833966631	422.54800239463066	-26.594919552837382	0
298, 7528.814569182678	437.1625163665349	25.97473521604661	0
299, 7337.266557150977	465.0300905104578	-191.54801203170064	0
300, 7327.331480041048	412.50833496602314	-9.935077109928898	0
301, 7289.730967514072	403.08848226006796	-37.60051252697576	0
302, 7304.909745158263	415.88857531875914	15.178777644190632	0
303, 7176.823551706051	429.5500859776354	-128.08619345221177	0
304, 7204.737553222907	416.30575688703874	27.914001516855933	0
305, 7165.436314870461	421.77053659820143	-39.30123835244649	0
306, 7151.579381049136	423.59843293410546	-13.856933821324674	0
307, 7195.170045973435	416.08446667329235	43.590664924298835	0
308, 7211.981512475859	405.90243350969257	16.811466502424082	0
309, 7225.081264883808	410.55485920914356	13.099752407949381	0
310, 7197.009345070332	388.0539805763891	-28.071919813476597	0
311, 7237.101805578803	386.86603346569666	40.09246050847105	0
312, 7184.169402937349	402.2792782652763	-52.932402641453336	0
313, 7305.725649162403	443.60421512665454	121.55624622505366	0
314, 7294.292986168894	432.8324856326326	-11.432662993509439	0
315, 7313.610672747274	388.4823533136537	19.317686578380744	0
316, 7301.600757690993	418.90075819240644	-12.009915056280988	0
317, 7360.574949105514	455.7154089741385	58.97419141452065	0
318, 7362.294674882707	422.8796118556947	1.7197257771931618	0
319, 7329.3288505306155	421.0012296606182	-32.96582435209166	0
320, 7349.0548644493865	433.74624885844133	19.72601391877106	0
321, 7409.890519114063	429.9840682911358	60.83565466467644	0
322, 7445.185621525966	433.5113055663277	35.29510241190292	0
323, 7438.2605469755135	425.49089858462867	-6.9250745504523366	0
324, 7429.30267800533	441.68790753485365	-8.957868970183881	0
325, 7551.677232019509	427.73750261832333	122.37455401417901	0
326, 7578.154654729716	462.56526140657155	26.477422710207065	0
327, 7543.992730291356	439.9789207307994	-34.161924438360074	0
328, 7657.744907657079	431.5278002918697	113.75217736572358	0
329, 7613.686821107044	448.7225918823705	-44.058086550035114	0
330, 7625.180445979083	420.06214308558435	11.493624872038708	0
331, 7673.357904728047	462.28413074218525	48.177458748964455	0
332, 7723.461551661953	450.3198469447844	50.10364693390602	0
333, 7734.043148061538	428.9123031453988	10.581596399584669	0
334, 7696.850123712985	437.3741356967002	-37.19302434855308	0
335, 7756.274691290988	419.8329584339644	59.42456757800301	0
336, 7796.870096166618	493.2162579355486	40.595404875630265	0
337, 7813.830847652467	469.35746584606693	16.96075148584896	0
338, 7847.818043742362	423.05356006545577	33.987196089894496	0
339, 7834.679517456389	466.11532914100235	-13.138526285973057	0
340, 7903.594026348092	469.9868619219595	68.91450889170301	0
341, 7847.266856401628	478.0504595410453	-56.32716994646398	0
342, 8026.470430719263	412.0759264218329	179.20357431763568	0
343, 8057.207167466673	472.0217258858119	30.73673674740985	0
344, 8069.073140186426	467.1859941981679	11.86597271975279	0
345, 8128.35497034085	451.7502990870071	59.281830154423915	0
346, 8185.921177484958	488.83923885525024	57.566207144108375	0
347, 8322.319093955926	453.2611226790138	136.39791647096808	0
348, 8286.165440610246	442.53305851637765	-36.15365334568014	0
349, 8376.079579893372	490.9868147145071	89.91413928312613	0
350, 8442.581941953455	464.5099467532834	66.5023620600823	0
351, 8472.368096092767	476.9024931412056	29.786154139312202	0
352, 8504.370612201486	530.8217896428735	32.00251610871965	0
353, 8554.90166424725	499.6172981685653	50.53105204576423	0
354, 8474.933495759795	457.66783443757544	-79.96816848745584	0
355, 8549.761636819016	482.3923545389562	74.8281410592208	0
356, 8637.396198715716	481.0358771171183	87.63456189670069	0
357, 8558.653064630433	520.7150149280712	-78.7431340852836	0
358, 8588.533114949292	495.57510076240106	29.880050318859503	0
359, 8588.510830859508	484.09709163409343	-0.022284089784079697	0
360, 8553.232734498499	517.6069285703609	-35.278096361009375	0
361, 8510.833229007647	467.98542236901756	-42.39950549085188	0
362, 8322.00907300447	496.9456253368003	-188.82415600317654	0
363, 8377.474246747774	488.9573179998043	55.46517374330324	0
364, 8296.32525689935	484.4923642487133	-81.1489898484233	0
365, 8335.141373178836	494.051517901606	38.81611627948587	0
366, 8153.484242779037	456.13437309032315	-181.65713039979892	0
367, 8136.208979725871	488.5177577801436	-17.275263053165872	0
368, 7969.925164630315	468.66760043062675	-166.28381509555675	0
369, 7961.739606401429	480.12234825790125	-8.185558228885384	0
370, 7836.272828901207	436.8881765715246	-125.46677750022263	0
371, 7725.0662269042095	439.36170416054404	-111.20660199699705	0
372, 7712.664205863527	391.39269368329724	-12.402021040682484	0
373, 7646.4676809993025	429.8108378206003	-66.19652486422456	0
374, 7498.688214829196	422.233216530952	-147.7794661701064	0
375, 7482.3224693936945	423.95181235918085	-16.365745435501594	0
376, 7329.682849855947	442.2280791068715	-152.63961953774742	0
377, 7261.150596396164	434.40020109542195	-68.53225345978353	0
378, 7184.789273463063	460.04059496931853	-76.36132293310038	0
379, 7109.448424686604	411.08266646030694	-75.3408487764591	0
380, 7031.273004240112	416.1801535906932	-78.17542044649235	0
381, 6974.870942796329	399.55364474919355	-56.40206144378317	0
382, 6971.966351068902	429.32839124348016	-2.904591727426123	0
383, 6897.649956066171	393.0155413522185	-74.31639500273104	0
384, 6851.62101915307	415.99496641396604	-46.02893691310146	0
385, 6830.471667612688	415.9329278514466	-21.14935154038176	0
386, 6748.012584345253	412.2069325682117	-82.45908326743483	0
387, 6818.679609078657	394.36873851113495	70.6670247334041	0
388, 6798.749999949892	366.88491661816056	-19.92960912876515	0
389, 6751.594937513867	384.1461994509605	-47.15506243602522	0
390, 6793.539232672594	354.967307121428	41.94429515872707	0
391, 6838.07412310122	371.2711451058834	44.53489042862566	0
392, 6864.0386383299865	397.45943459794887	25.964515228766686	0
393, 6858.497073032654	384.58385111102683	-5.541565297332454	0
394, 6954.600271910939	412.9287260931984	96.10319887828518	0
395, 6926.519510220303	428.7355673622457	-28.08076169063588	0
396, 6891.5077953057735	405.3694336228809	-35.011714914529875	0
397, 6853.976732029207	385.5217317191848	-37.53106327656678	0
398, 6803.831862281521	429.10483550287097	-50.144869747685334	0
399, 6862.391128082051	419.99846546423674	58.55926580052983	0
400, 6883.831967570059	409.0787014084106	21.44083948800744	0
401, 6921.2311063627385	399.16907817499293	37.39913879267988	0
402, 6978.128182485787	426.6786254907576	56.897076123048464	0
403, 6953.878340502251	411.7169183522768	-24.24984198353559	0
404, 6983.397537547703	410.38071200941783	29.51919704545162	0
405, 6950.629017064719	447.1491674118827	-32.76852048298406	0
406, 7130.755014615768	446.16372998660495	180.1259975510493	0
407, 7118.789776972207	369.98540055398234	-11.965237643561522	0
408, 7138.353231607631	376.8908441306645	19.563454635424023	0
409, 7242.900875358115	405.15119343547923	104.54764375048399	0
410, 7299.027939558905	434.45704057065643	56.1270642007903	0
411, 7298.692811142891	440.06826434754373	-0.33512841601441323	0
412, 7343.325402360437	435.3104544390282	44.63259121754618	0
413, 7509.649030072737	438.12602758941625	166.32362771230055	0
414, 7528.920983867601	463.3421461409903	19.271953794863293	0
415, 7608.955829552407	399.0491618523689	80.03484568480599	0
416, 7648.275068664193	353.6519535390236	39.31923911178637	0
417, 7671.059279907426	426.50243802000773	22.784211243232676	0
418, 7636.875470120153	457.73220687447036	-34.18380978727237	0
419, 7607.092421837529	442.3406916142161	-29.783048282623895	0
420, 7643.99359007446	449.7398679253468	36.90116823693097	0
421, 7625.640872423497	444.1673345160625	-18.352717650963314	0
422, 7684.533443478085	462.89568887053326	58.89257105458819	0
423, 7586.235058948431	416.806643789967	-98.29838452965396	0
424, 7602.522933560274	441.0605236631473	16.287874611843108	0
425, 7599.461555516849	443.8374760515401	-3.0613780434250657	0
426, 7588.344095289915	413.2797879991059	-11.117460226934782	0
427, 7595.850368194145	430.72774818377997	7.506272904230173	0
428, 7567.988119567639	414.2886990361081	-27.86224862650579	0
429, 7404.0640537576155	427.8225491809597	-163.92406581002342	0
430, 7418.546900847883	426.4900322917616	14.482847090267569	0
431, 7391.854956534448	413.7155236413183	-26.69194431343476	0
432, 7486.443496824404	395.5592908785282	94.58854028995574	0
433, 7487.790031058339	437.97602391908646	1.3465342339350173	0
434, 7377.410699285326	403.4306139881839	-110.37933177301329	0
435, 7410.158519076481	381.2829988630888	32.74781979115505	0
436, 7390.049734745438	423.563613726329	-20.108784331042443	0
437, 7393.4136548725455	424.46120602492795	3.3639201271071215	0
438, 7451.0729053760015	456.40013446585704	57.65925050345595	0
439, 7402.88492186511	401.3794559811552	-48.18798351089117	0
440, 7406.83419224598	418.89093598622424	3.9492703808700753	0
441, 7309.097986880232	418.5137916905786	-97.73620536574799	0
442, 7308.759718557218	428.32348948394167	-0.33826832301474496	0
443, 7213.982973231548	393.9859492942336	-94.77674532566925	0
444, 7193.152206483692	413.97861024992403	-20.830766747856615	0
445, 7065.642736466637	370.544418810921	-127.50947001705481	0
446, 7003.069668308033	399.7486129414076	-62.573068158603746	0
447, 6930.6720645249325	437.714556842724	-72.39760378310075	0
448, 7001.103950045141	380.2989159834438	70.4318855202082	0
449, 6915.477336702983	396.03838485938047	-85.62661334215773	0
450, 6950.21659682088	354.0467046164182	34.739260117897174	0
451, 6968.735528319036	419.3155917121069	18.518931498156235	0
452, 6974.844275481827	372.07230063881997	6.108747162790678	0
453, 7005.273673652805	391.71674453511775	30.429398170977947	0
454, 7031.114513035185	433.36492121742276	25.84083938238018	0
455, 7058.335115094347	393.68185849149734	27.220602059162047	0
456, 7126.152023266076	404.7172591079824	67.81690817172876	0
457, 7118.632682501873	400.90807987818323	-7.519340764202752	0
458, 7144.645536623781	456.3410423987688	26.012854121907367	0
459, 7255.2907102378	390.2240245193062	110.64517361401977	0
460, 7263.388864639281	421.9867419327926	8.098154401480315	0
461, 7285.134379918233	359.6769793615211	21.745515278952553	0
462, 7270.980801255199	411.72452258911414	-14.15357866303384	0
463, 7423.952527926647	445.51772348795356	152.97172667144787	0
464, 7369.024248886401	387.50214537247757	-54.9282790402458	0
465, 7414.863983991574	414.5124237462098	45.83973510517262	0
466, 7515.579711980386	400.2121819263981	100.71572798881152	0
467, 7515.033042493512	429.8663582166343	-0.546669486873725	0
468, 7541.151766626617	440.96328661090666	26.11872413310539	0
469, 7545.261119438431	392.74652402927944	4.109352811813551	0
470, 7547.254080236367	414.6385988700499	1.9929607979365755	0
471, 7578.0423756947575	410.8168445267599	30.788295458390166	0
472, 7439.1937119066315	420.94352614038627	-138.84866378812603	0
473, 7425.467509727006	437.5215012426226	-13.726202179625943	0
474, 7428.631622838927	400.30012351023714	3.164113111921324	0
475, 7392.2214175879835	442.8742013731741	-36.41020525094336	0
476, 7439.863423799531	430.54987279687253	47.642006211547596	0
477, 7440.81266313591	437.981110410059	0.9492393363789233	0
478, 7220.780474140726	423.13692321519875	-220.0321889951838	0
479, 7238.786950322783	431.48637836509556	18.00647618205676	0
480, 7250.748079780486	417.79589905192347	11.961129457702555	0
481, 7102.356282770038	396.84551534837004	-148.3917970104476	0
482, 7055.878373576996	406.0191679016749	-46.47790919304225	0
483, 7070.780545602681	391.0607181438388	14.902172025685104	0
484, 7070.6602360565785	382.78403565876164	-0.12030954610236222	0
485, 7106.739560400477	445.33798480129514	36.079324343898406	0
486, 7103.493007415469	414.4194660366441	-3.2465529850078383	0
487, 7120.320601332586	390.2239797275014	16.827593917117156	0
488, 6958.725684709388	379.7701604102696	-161.59491662319851	0
489, 7017.5451863844555	399.92419920945594	58.81950167506784	0
490, 6952.154167704201	422.5646202628422	-65.39101868025409	0
491, 7079.831672000865	416.25348369676954	127.67750429666376	0
492, 7086.236822662082	421.481344451645	6.405150661216794	0
493, 7027.142798937938	386.9897057650825	-59.09402372414388	0
494, 6973.79083879474	374.49799124684984	-53.351960143198085	0
495, 7047.033430708702	410.12700194506067	73.24259191396231	0
496, 7082.236819086513	428.059773106653	35.20338837781037	0
497, 7081.328237906986	428.3208341489419	-0.9085811795266636	0
498, 7062.23880436418	410.51702699448094	-19.089433542805637	0
499, 7171.8239849687825	421.36329830427997	109.5851806046021	0
500, 7278.9825255473725	439.5365798817893	107.15854057858996	0
501, 7273.362408709338	392.1430328061161	-5.620116838034846	0
502, 7295.873636853769	421.1183966307104	22.511228144431698	0
503, 7393.4349793892725	422.9865495057237	97.56134253550317	0
504, 7359.260226030125	424.651465521087	-34.17475335914787	0
505, 7453.872373436894	428.6047959338348	94.61214740676951	0
506, 7416.429539719695	387.609537528957	-37.44283371719939	0
507, 7446.220623709553	443.5804221915925	29.791083989858635	0
508, 7450.964433856617	422.73397020942474	4.743810147063414	0
509, 7545.290566332527	404.4993428919835	94.32613247591053	0
510, 7583.971211789013	439.77524776305546	38.68064545648576	0
511, 7653.789590247485	429.2809726355233	69.81837845847167	0
512, 7592.859212123251	432.00931318151413	-60.93037812423336	0
513, 7626.194583426864	428.8270649061807	33.33537130361219	0
514, 7658.916540194432	494.6217291072544	32.72195676756837	0
515, 7594.6107862661565	437.0844702108012	-64.30575392827541	0
516, 7593.452025626414	412.64739492653655	-1.158760639742468	0
517, 7647.995707887874	448.76008098897273	54.54368226146016	0
518, 7590.360923003973	450.9244484933805	-57.634784883901375	0
519, 7626.743333720264	424.84636407753806	36.382410716290906	0
520, 7455.448544316136	404.05489024728286	-171.2947894041281	0
521, 7420.4967328606235	423.5380184324357	-34.95181145551214	0
522, 7441.540017170703	431.5059074161799	21.043284310079798	0
523, 7353.371257421419	404.21527479825596	-88.16875974928462	0
524, 7340.3104320141465	370.70989507014826	-13.060825407272205	0
525, 7259.492968995262	398.9534475152519	-80.81746301888415	0
526, 7243.961346731605	405.68472048073687	-15.531622263657482	0
527, 7249.022502926826	404.6425626309725	5.061156195220974	0
528, 7301.84815771811	444.57977727969273	52.82565479128425	0
529, 7345.5691062047445	433.79237759019907	43.72094848663437	0
530, 7245.270915711232	424.33910448135276	-100.29819049351227	0
531, 7116.829679701561	418.0663766705441	-128.44123600967123	0
532, 7178.616538872544	378.9954635665195	61.78685917098301	0
533, 7323.319278234089	414.3635922139455	144.70273936154535	0
534, 7359.7383470812765	412.64966827568486	36.41906884718719	0
535, 7254.065442054396	432.94585608677323	-105.67290502688047	0
536, 7188.236383490144	384.29224554719485	-65.82905856425168	0
537, 7310.462473397087	429.0849259453289	122.22608990694243	0
538, 7353.274491977249	415.469965002415	42.81201858016266	0
539, 7414.375899765139	445.44019836788243	61.10140778788991	0
540, 7356.907441164235	422.2900026944106	-57.46845860090434	0
541, 7360.107029967713	434.4298904197084	3.1995888034780364	0
542, 7322.264351719844	420.4406430652326	-37.84267824786912	0
543, 7380.089799320649	392.19762495321334	57.82544760080509	0
544, 7371.791829990398	455.70409545465867	-8.297969330251362	0
545, 7309.956759753355	449.4820162996959	-61.8350702370426	0
546, 7497.026151576715	404.0197859154246	187.0693918233601	0
547, 7560.05982133431	453.1435114070647	63.03366975759491	0
548, 7557.6864131545335	442.6967000530178	-2.373408179776561	0
549, 7579.803428488881	467.3396896516962	22.117015334347343	0
550, 7583.835342640438	433.0409629632011	4.03191415155743	0
551, 7526.251178842504	451.43762310452826	-57.58416379793471	0
552, 7510.49993058703	468.96169594385054	-15.75124825547391	0
553, 7563.203297130227	403.38028338634194	52.70336654319726	0
554, 7546.04019160982	434.2895937909956	-17.163105520407044	0
555, 7573.12149702869	406.79377505331115	27.081305418870215	0
556, 7627.39335748943	442.6344120168164	54.271860460739845	0
557, 7651.19108999204	458.72847855253093	23.797732502610415	0
558, 7545.760761733034	408.06019915120027	-105.43032825900627	0
559, 7637.932941714911	435.78307134372955	92.17217998187698	0
560, 7639.924249437343	452.34828395586055	1.991307722431884	0
561, 7605.217490836777	432.75223994044524	-34.70675860056599	0
562, 7576.178632557986	399.36916586909604	-29.03885827879094	0
563, 7526.9454692955	439.4086872034224	-49.233163262486414	0
564, 7550.50932014151	434.55023599009274	23.56385084601061	0
565, 7522.931776561983	466.39225694193976	-27.577543579527628	0
566, 7564.859916924901	436.98627699836743	41.928140362918384	0
567, 7581.083356328022	459.60455031897305	16.22343940312112	0
568, 7535.218211199313	445.35516074207254	-45.86514512870872	0
569, 7555.458130779902	437.10132756450037	20.23991958058832	0
570, 7644.096752432393	459.25143810631346	88.63862165249157	0
571, 7620.01267213435	436.04940048096694	-24.084080298042863	0
572, 7607.677837548015	440.71119595017234	-12.334834586335091	0
573, 7486.76487455548	439.59605333729695	-120.91296299253554	0
574, 7523.442612061841	457.2577763761	36.677737506361154	0
575, 7585.530235509444	396.50247399194194	62.08762344760271	0
576, 7581.667025551432	418.270232571075	-3.863209958011794	0
577, 7581.867176904369	467.64510613575766	0.20015135293760977	0
578, 7483.816938635123	425.2753064243443	-98.05023826924662	0
579, 7510.731198832821	430.95895686463325	26.91426019769824	0
580, 7515.3546950943055	429.5808421605361	4.6234962614844335	0
581, 7558.206554715457	446.1107355059833	42.85185962115156	0
582, 7592.783091536858	423.48820325177076	34.57653682140062	0
583, 7645.652061120748	449.6395185288274	52.86896958389025	0
584, 7532.827242775996	443.3870162280003	-112.8248183447522	0
585, 7569.252682947344	418.1899382417345	36.42544017134787	0
586, 7567.030333388825	394.1954795583571	-2.2223495585185447	0
587, 7603.593756613503	436.755628911574	36.563423224677535	0
588, 7610.811554941164	419.3061094757438	7.217798327661512	0
589, 7660.240872304337	480.65646149616055	49.42931736317314	0
590, 7700.137927979922	450.2919535787713	39.89705567558485	0
591, 7759.746961800915	417.7953582893516	59.60903382099332	0
592, 7750.998549293838	460.86878305197246	-8.748412507077774	0
593, 7738.907482794653	424.16147137024797	-12.091066499184308	0
594, 7894.696699799112	455.3789924556504	155.7892170044588	0
595, 7851.785560197356	437.21658820061884	-42.911139601756076	0
596, 7860.056014865833	470.1165730196152	8.270454668477214	0
597, 7900.393715135738	479.7476558855981	40.33770026990442	0
598, 7971.732092516749	470.00127110710025	71.33837738101101	0
599, 7960.065913175253	463.3235141692927	-11.66617934149599	0
600, 8044.558898496993	418.5092057403646	84.49298532173998	0
601, 8050.42268697908	465.01308708995873	5.86378848208733	0
602, 8101.0089995748085	442.0675057519714	50.58631259572849	0
603, 8163.856770623101	454.0525197034557	62.84777104829209	0
604, 8208.025993221096	481.5062574002249	44.16922259799503	0
605, 8280.610741957136	485.20517562070637	72.58474873604064	0
606, 8347.597328796552	471.43753233374576	66.9865868394154	0
607, 8306.332757136144	471.4761294477827	-41.264571660407455	0
608, 8383.608831370906	493.18787790939206	77.27607423476184	0
609, 8384.843233519176	504.18026362345046	1.2344021482695098	0
610, 8402.399167191466	526.7231575923838	17.55593367229085	0
611, 8371.381666244586	474.78272499136773	-31.01750094688032	0
612, 8278.905609941976	506.90768061813156	-92.47605630261023	0
613, 8214.042030523748	491.9331107610655	-64.86357941822826	0
614, 8141.256755076898	450.38602199405403	-72.78527544684948	0
615, 8179.053092108822	460.6626576703254	37.79633703192394	0
616, 8107.611083797646	473.3714297350961	-71.44200831117632	0
617, 8077.245345556791	433.9620177096757	-30.365738240854625	0
618, 7890.270619357962	446.1774139761075	-186.97472619882956	0
619, 7881.363157287294	472.14645626361636	-8.907462070667862	0
620, 7750.636431898433	462.2438240897083	-130.72672538886036	0
621, 7719.907599740151	417.1589763543131	-30.728832158281875	0
622, 7584.573791694462	446.1078045309097	-135.3338080456897	0
623, 7477.500586137527	444.6259313430862	-107.07320555693514	0
624, 7406.0578010696	439.1708494934876	-71.4427850679267	0
625, 7395.15195551367	404.69114620660787	-10.905845555929773	0
626, 7264.329804700937	416.1749449137422	-130.82215081273353	0
627, 7196.3999472698315	407.2307145683202	-67.92985743110512	0
628, 7185.886199685116	395.79025733308333	-10.51374758471593	0
629, 7203.269187558309	375.71537157237134	17.382987873193088	0
630, 7098.010979443677	386.98371448182246	-105.258208114632	0
631, 7121.759543186558	433.7644712038728	23.748563742881743	0
632, 7056.56296440698	387.87566029938864	-65.19657877957798	0
633, 7026.096899630915	402.5985115344669	-30.46606477606565	0
634, 7008.227628770773	430.156554479242	-17.869270860142024	0
635, 6977.976177193798	397.6766854922451	-30.251451576974432	0
636, 7044.584103335645	416.21326757614025	66.60792614184629	0
637, 7075.041052037238	389.31592998924697	30.45694870159332	0
638, 7014.433937135561	385.911313215679	-60.60711490167705	0
639, 7011.4536496383025	387.61306282761393	-2.9802874972583595	0
640, 7022.086653515012	372.3270166161984	10.633003876709154	0
641, 7061.633015621134	389.22250933883606	39.546362106122615	0
642, 7099.652524254325	383.6445356133685	38.019508633190526	0
643, 7072.601434851377	438.5411618110291	-27.051089402947582	0
644, 7159.322033179886	415.6929022913133	86.72059832850846	0
645, 7227.280551608505	438.5330052525863	67.95851842861975	0
646, 7218.4258920604225	381.2561073570646	-8.854659548082964	0
647, 7273.44120627951	417.3998662509729	55.015314219087486	0
648, 7320.463485703885	423.794441268404	47.02227942437548	0
649, 7375.553245850262	428.15551756259146	55.08976014637665	0
650, 7478.744980533048	420.89529843342774	103.19173468278586	0
651, 7557.597120142677	476.0030164722733	78.85213960962938	0
652, 7583.111817553343	402.2821919238151	25.514697410665576	0
653, 7686.5325058884055	437.9443164195631	103.42068833506255	0
654, 7700.570648904896	470.36319859667884	14.038143016490721	0
655, 7856.116371950235	454.0589199055636	155.5457230453385	0
656, 7900.341127996574	425.08423469009733	44.22475604633928	0
657, 7886.706214798799	409.39345005359206	-13.63491319777495	0
658, 7873.980602160051	462.1076549611969	-12.725612638748316	0
659, 7930.184402073306	449.44486722972215	56.20379991325535	0
660, 8024.411346117987	446.55916844439207	94.22694404468075	0
661, 8021.2250636008	443.12643583454843	-3.186282517186555	0
662, 8032.537325248627	429.36534877684164	11.312261647826745	0
663, 7976.157624897143	499.28383630334747	-56.379700351483734	0
664, 7855.034903007333	458.0352576454728	-121.12272188981024	0
665, 7946.718699667595	464.1036993433412	91.68379666026158	0
666, 7949.494930872576	475.33975929912424	2.776231204981741	0
667, 7828.508122234215	438.2288994696113	-120.98680863836125	0
668, 7745.3925145675885	430.35538518585224	-83.1156076666266	0
669, 7681.832365072971	418.78592041919967	-63.56014949461769	0
670, 7658.716099912398	444.4835114983168	-23.116265160572766	0
671, 7712.419999673617	450.875733847159	53.70389976121896	0
672, 7584.225531946854	462.8725320665257	-128.19446772676292	0
673, 7547.517032893377	468.5803581606421	-36.70849905347677	0
674, 7595.838651380421	439.0655059390619	48.32161848704345	0
675, 7546.778739615803	424.2236914644774	-49.05991176461794	0
676, 7568.500195212398	436.2655329870698	21.72145559659475	0
677, 7573.040161468832	415.38999184403684	4.539966256434127	0
678, 7488.328329469957	428.5992581337642	-84.71183199887491	0
679, 7445.033599984678	435.9557097898581	-43.29472948527837	0
680, 7450.846547647033	425.343317984555	5.812947662354418	0
681, 7455.408692222452	422.5103582873398	4.562144575419552	0
682, 7432.830964795911	424.6725636356395	-22.57772742654106	0
683, 7487.183294979819	420.76856042940426	54.352330183907725	0
684, 7318.514310609789	463.47880221193793	-168.66898437002965	0
685, 7376.099117091584	399.9321493378225	57.58480648179466	0
686, 7402.30970660403	420.68979057569095	26.21058951244595	0
687, 7434.360926762058	364.99575899461206	32.05122015802772	0
688, 7463.113311074416	427.65871014536555	28.752384312358117	0
689, 7426.7936244493785	460.4038830361725	-36.31968662503732	0
690, 7426.368298160429	430.9285018424586	-0.42532628894969093	0
691, 7551.004526483416	453.22917016401425	124.63622832298734	0
692, 7486.7049559842835	403.52038143287746	-64.29957049913264	0
693, 7519.36773139953	442.916940711827	32.66277541524687	0
694, 7615.943304850617	450.2524815041104	96.57557345108671	0
695, 7541.370275728078	392.2600690196325	-74.57302912253908	0
696, 7562.025703861623	472.7137113706484	20.655428133544774	0
697, 7636.350369479778	403.1304016145125	74.32466561815545	0
698, 7591.709361117456	442.1089493517043	-44.64100836232228	0
699, 7638.703767284166	451.1115979171904	46.99440616671018	0
700, 7631.671728662566	480.3067457070413	-7.032038621599895	0
701, 7668.309375653612	425.8017772791481	36.637646991045585	0
702, 7737.124467443262	455.86322361048894	68.81509178965007	0
703, 7760.719833814969	426.85771361597745	23.595366371707314	0
704, 7787.148264779735	460.8482877470436	26.42843096476554	0
705, 7741.860867493376	440.996457482286	-45.28739728635901	0
706, 7846.56800972231	410.89829911332845	104.70714222893457	0
707, 7951.103840800956	445.8621536995205	104.53583107864597	0
708, 7979.085694646357	442.7871352399056	27.98185384540102	0
709, 8057.903153164515	451.02382501464126	78.81745851815776	0
710, 8125.305963655995	447.7092690216175	67.40281049147961	0
711, 8183.018741828362	490.38672453137445	57.71277817236751	0
712, 8260.277635132335	471.7727500318926	77.25889330397331	0
713, 8289.066740454331	478.0450494863441	28.78910532199552	0
714, 8438.762718635568	481.3893126346873	149.69597818123657	0
715, 8487.584216062174	452.46390898724565	48.821497426606584	0
716, 8476.691318330735	509.3009131634841	-10.892897731439007	0
717, 8535.21407816798	507.80235964395115	58.52275983724394	0
718, 8617.0025245344	543.83597641681	81.78844636642134	0
719, 8662.233937972149	485.521889953037	45.231413437748415	0
720, 8778.728314694423	522.799325216319	116.49437672227396	0
721, 8804.587828615453	494.5143147748007	25.859513921030157	0
722, 8847.14381776916	440.39162572595944	42.55598915370683	0
723, 8848.68749164156	555.0591115782178	1.543673872400177	0
724, 8806.863372710657	528.6452813291735	-41.82411893090284	0
725, 8736.160767458114	513.0103168093477	-70.70260525254344	0
726, 8794.252503701779	484.1117520722444	58.091736243664855	0
727, 8759.584442272473	463.57939677670333	-34.66806142930545	0
728, 8485.724195298191	520.9997072167674	-273.86024697428184	0
729, 8429.507170921072	492.7262272843631	-56.21702437711974	0
730, 8386.48922706028	475.95153131356534	-43.017943860792	0
731, 8324.117132981763	533.7869125384619	-62.372094078516966	0
732, 8238.440605785581	480.12273701706914	-85.67652719618127	0
733, 8218.589398788148	463.7876842679459	-19.85120699743311	0
734, 8066.651299680924	461.11134693794753	-151.93809910722393	0
735, 7975.971696194225	476.2799861702924	-90.6796034866993	0
736, 7890.4568544490385	453.2021135692662	-85.51484174518646	0
737, 7890.971116995101	475.6181646302484	0.5142625460621275	0
738, 7653.0304415309265	465.57426660466456	-237.9406754641741	0
739, 7615.4129790665465	456.75022718727183	-37.61746246437997	0
740, 7625.580936454566	474.739577655502	10.167957388019204	0
741, 7487.072501016012	429.0092018904141	-138.50843543855353	0
742, 7459.235585028135	423.869901328191	-27.836915987877546	0
743, 7375.478316903817	402.60066462412436	-83.7572681243173	0
744, 7346.501257490699	399.2749552815272	-28.977059413118695	0
745, 7240.627143458819	425.75342866591035	-105.8741140318798	0
746, 7221.775323683976	384.2826780853624	-18.851819774842625	0
747, 7126.194738567901	401.93852634998075	-95.58058511607487	0
748, 7169.13801771664	399.76138718807493	42.94327914873884	0
749, 7170.306596566589	393.69066928469124	1.1685788499489718	0
750, 7184.526177875006	417.6822647010172	14.219581308417219	0
751, 7073.137471552071	408.8574040663481	-111.38870632293583	0
752, 7155.36395090823	406.4308849131268	82.22647935615987	0
753, 7215.235260505322	424.4901254965194	59.87130959709157	0
754, 7164.920502351853	436.1987759319584	-50.314758153468574	0
755, 7233.770631741358	355.1602155375224	68.85012938950422	0
756, 7248.96954049612	402.45963250720797	15.19890875476267	0
757, 7201.408101373135	421.2615637663345	-47.561439122985576	0
758, 7353.134523536314	440.52201194534473	151.72642216317945	0
759, 7349.173099027018	453.00078402030266	-3.9614245092961937	0
760, 7343.046842650256	421.25864437661676	-6.126256376762285	0
761, 7468.998896687261	448.99015674129623	125.95205403700493	0
762, 7500.951997731117	436.7597336732853	31.953101043856805	0
763, 7473.22359594408	455.86052611779604	-27.728401787037	0
764, 7521.887171021594	421.28000077970813	48.663575077514	0
765, 7710.496083619739	438.43051232220114	188.60891259814434	0
766, 7775.480246572181	440.044004548988	64.9841629524426	0
767, 7726.212432989168	443.58477214450653	-49.267813583013776	0
768, 7716.077922256652	424.4918302283524	-10.134510732515992	0
769, 7759.246421234854	418.0454202613848	43.16849897820248	0
770, 7639.840389743399	429.3374939987021	-119.406031491455	0
771, 7669.249284827515	419.7386789775665	29.40889508411601	0
772, 7677.922078420059	411.979003891663	8.672793592543712	0
773, 7707.229712976566	458.1826416936494	29.307634556506855	0
774, 7683.6247929031615	462.3088831275747	-23.604920073404173	0
775, 7609.311635029508	430.6549450622177	-74.31315787365384	0
776, 7649.27041873318	468.26143904945434	39.95878370367245	0
777, 7663.5535039295655	460.47979999902844	14.2830851963854	0
778, 7667.838625997785	446.723574497534	4.285122068219607	0
779, 7682.701701890517	437.4193062059775	14.863075892732013	0
780, 7649.228139243633	432.53288416168965	-33.47356264688369	0
781, 7393.041067234302	437.31495935764076	-256.18707200933113	0
782, 7409.763146470657	436.4561068338138	16.722079236355057	0
783, 7462.59571468773	403.4075269271098	52.83256821707255	0
784, 7583.477748496196	425.65700951564054	120.88203380846608	0
785, 7641.309437262413	451.61672526341806	57.83168876621676	0
786, 7341.471212370012	437.7448635251781	-299.83822489240083	0
787, 7388.72793927071	423.6825512699086	47.256726900697686	0
788, 7530.1732028553015	415.6477088528366	141.44526358459188	0
789, 7558.1888520178145	432.29618161612285	28.015649162513	0
790, 7628.225380566959	450.0535478005917	70.03652854914435	0
791, 7622.058566049275	409.4884834929597	-6.166814517683633	0
792, 7620.810329309142	443.2508843515522	-1.2482367401335068	0
793, 7399.450645349962	394.8108237672493	-221.35968395918007	0
794, 7382.244697183844	413.6279161817659	-17.205948166117196	0
795, 7347.8902723136325	458.2287378059317	-34.354424870211915	0
796, 7503.778493793739	436.03761533539443	155.88822148010604	0
797, 7553.47332652284	407.5259557641202	49.69483272910111	0
798, 7522.250656774621	444.1850466422439	-31.222669748218323	0
799, 7351.407197377798	416.24662029340675	-170.84345939682316	0
800, 7364.747059963883	400.4568723308961	13.339862586084564	0
801, 7485.307103825875	422.2395690476763	120.5600438619922	0
802, 7511.179997293143	464.9805979909743	25.872893467268113	0
803, 7575.896365776785	459.41702582698565	64.71636848364233	0
804, 7588.832188756348	464.272498351275	12.935822979562545	0
805, 7547.277482903247	421.4621027635019	-41.55470585310104	0
806, 7540.5094450556535	476.6567454802888	-6.768037847593405	0
807, 7245.436778079253	407.7121614687367	-295.0726669764008	0
808, 7343.096267061126	399.34880420652513	97.65948898187344	0
809, 7406.500891244458	430.7307985987343	63.40462418333209	0
810, 7510.0369588017	443.33890364009875	103.53606755724195	0
811, 7483.700893675956	443.1444130174704	-26.336065125744426	0
812, 7485.371605604449	437.09958935867496	1.6707119284928922	0
813, 7505.112577289031	448.9478754545374	19.74097168458229	0
814, 7471.945162992286	474.3801469480291	-33.16741429674494	0
815, 7433.60622311009	409.6535252991585	-38.33893988219643	0
816, 7449.890700769567	447.30853709257303	16.28447765947749	0
817, 7385.713202474142	440.2730790487809	-64.17749829542481	0
818, 7395.316294059593	466.5519340596476	9.603091585450784	0
819, 7414.55508354388	455.21111397651975	19.238789484286826	0
820, 7408.584858395927	378.6763871326981	-5.970225147952988	0
821, 7380.226774859629	427.9234801312021	-28.35808353629818	0
822, 7395.281393271728	451.9144784435933	15.054618412099444	0
823, 7359.847339240614	407.87528459376557	-35.4340540311141	0
824, 7444.832622779415	411.4973428825962	84.98528353880101	0
825, 7545.177167347305	432.77979811108173	100.3445445678899	0
826, 7442.856433480994	427.35581692166454	-102.32073386631055	0
827, 7469.667470970115	456.2309096058186	26.81103748912028	0
828, 7438.124730993503	429.5234008305466	-31.5427399766113	0
829, 7399.773756716376	438.7252986550644	-38.350974277127534	0
830, 7356.438431376577	424.1517221421759	-43.335325339799056	0
831, 7363.145747493177	446.4448726626802	6.707316116599941	0
832, 7563.670039182958	436.5028638442345	200.52429168978142	0
833, 7552.910487815898	440.13812932219815	-10.75955136706034	0
834, 7395.596408476309	393.1629278867888	-157.31407933958872	0
835, 7496.2722203079875	431.2559367062168	100.6758118316784	0
836, 7396.625510394405	422.9574501909812	-99.64670991358253	0
837, 7383.731770738663	413.73441970730926	-12.893739655742138	0
838, 7374.468731986208	434.13809338090107	-9.263038752455031	0
839, 7608.793209705184	403.0759210861458	234.3244777189766	0
840, 7534.75656772643	442.9473480342129	-74.03664197875423	0
841, 7586.335273115349	435.735448244977	51.578705388918934	0
842, 7573.086873537596	412.9160847481426	-13.248399577752934	0
843, 7651.375889717303	463.5327586729338	78.28901617970678	0
844, 7664.396074139181	474.30027696423826	13.020184421878184	0
845, 7732.580047634034	435.5779750407225	68.18397349485258	0
846, 7812.13125875972	435.70953098729797	79.55121112568668	0
847, 7794.112832539523	433.058450124281	-18.018426220197398	0
848, 7843.6727833453415	448.6294105081181	49.55995080581852	0
849, 7960.61394867099	469.43251462599466	116.9411653256484	0
850, 7725.901986162854	461.42308427549824	-234.7119625081359	0
851, 7726.098710672805	435.72956943228166	0.1967245099513093	0
852, 7746.016442042403	441.68657252830394	19.917731369597277	0
853, 7762.2532032599565	477.7247737398698	16.236761217553976	0
854, 7728.248905167389	458.4061152079074	-34.004298092567296	0
855, 7752.442488711753	443.41039070636344	24.19358354436372	0
856, 7574.1716883698855	454.5985123867322	-178.27080034186747	0
857, 7613.92721120639	458.92010590890436	39.7555228365045	0
858, 7619.735626273916	464.44367915707403	5.808415067525857	0
859, 7565.5778796578725	440.5678026496359	-54.15774661604337	0
860, 7367.109140694828	413.6236726826157	-198.46873896304442	0
861, 7424.832726025138	435.04210616653995	57.723585330310016	0
862, 7426.194545076466	398.2852448712622	1.3618190513279842	0
863, 7459.10848480191	454.734618211457	32.913939725443925	0
864, 7471.626528899563	449.97628726840827	12.518044097652819	0
865, 7429.590844325084	424.51256812245407	-42.03568457447909	0
866, 7301.190307660219	383.91745721606526	-128.40053666486438	0
867, 7192.267938389309	431.9016410951115	-108.92236927091017	0
868, 7244.149782622737	440.7273371101578	51.88184423342773	0
869, 7428.8456839686505	403.8530399756326	184.69590134591363	0
870, 7487.829668000512	417.9310486841172	58.98398403186184	0
871, 7344.65704203949	405.11592774119555	-143.17262596102228	0
872, 7281.905849819794	406.2567785020381	-62.75119221969635	0
873, 7371.03402080243	387.0428265277636	89.12817098263622	0
874, 7540.764966889767	405.5493509031752	169.73094608733663	0
875, 7571.609407810233	437.197047668596	30.844440920466695	0
876, 7311.077119446137	411.3515999414112	-260.53228836409653	0
877, 7290.688322778017	428.90835644415773	-20.38879666811954	0
878, 7496.8886610714435	444.5407210925981	206.20033829342628	0
879, 7616.250365213583	454.08269301274436	119.36170414213939	0
880, 7573.1070373983675	405.5835576372461	-43.14332781521534	0
881, 7552.086653434118	415.32327234820144	-21.02038396424996	0
882, 7543.556524721375	481.28328409291635	-8.530128712742226	0
883, 7384.806924121371	425.146959403886	-158.74960060000467	0
884, 7357.546097034033	423.51646609311797	-27.26082708733793	0
885, 7628.440303111671	420.4135893595914	270.89420607763805	0
886, 7548.5459403099	416.8220082356472	-79.89436280177051	0
887, 7509.8374240149815	413.0664258860219	-38.70851629491881	0
888, 7603.317325062461	457.8044511686362	93.47990104747987	0
889, 7554.992548831891	426.9626671664761	-48.32477623057002	0
890, 7327.563722386574	465.1723883569597	-227.4288264453171	0
891, 7336.06814255446	395.8711184472752	8.504420167885655	0
892, 7515.026718164484	416.928312512663	178.95857561002413	0
893, 7638.008930338678	451.4213166053839	122.98221217419359	0
894, 7579.099081927699	419.45781375725505	-58.90984841097816	0
895, 7400.20331953365	446.889180623394	-178.8957623940496	0
896, 7405.271114551168	420.901292035248	5.06779501751771	0
897, 7496.148642557642	414.9777145657455	90.87752800647468	0
898, 7630.155063792413	456.23896739988083	134.00642123477064	0
899, 7606.691156766944	436.70302288389223	-23.46390702546887	0
900, 7431.08533038812	447.01614099518025	-175.60582637882362	0
901, 7410.320387883241	387.1869123084405	-20.7649425048794	0
902, 7442.195614129734	410.71827801509863	31.875226246493185	0
903, 7397.611109545941	409.5019970349365	-44.584504583793205	0
904, 7568.808530226169	462.9295094769304	171.19742068022788	0
905, 7689.712902926061	446.2857420299429	120.90437269989252	0
906, 7509.787079550085	441.47443635621613	-179.9258233759765	0
907, 7448.37694735662	437.3528936628722	-61.41013219346496	0
908, 7468.219030744837	418.4464782117238	19.84208338821736	0
909, 7489.604422500199	450.1242942348662	21.385391755361525	0
910, 7460.558082897895	439.6372716040068	-29.046339602304215	0
911, 7507.167022678658	430.3760827689988	46.60893978076365	0
912, 7496.723899239316	423.7619798433831	-10.443123439342344	0
913, 7472.454981857124	435.9758091185845	-24.26891738219183	0
914, 7464.587277888919	426.6402336157136	-7.8677039682052055	0
915, 7537.758822972441	455.40715678728037	73.17154508352178	0
916, 7539.5608137580875	421.1727545431099	1.8019907856469217	0
917, 7538.382873874938	480.7462955940558	-1.17793988314952	0
918, 7517.6115696258685	434.4509528461635	-20.771304249069544	0
919, 7567.823198646347	429.1183961405345	50.21162902047854	0
920, 7571.862208273802	404.8050093894776	4.039009627455016	0
921, 7600.380688565937	404.78622190946334	28.518480292134882	0
922, 7533.258134807518	457.61084670906854	-67.12255375841869	0
923, 7571.783687344323	440.63411561563106	38.52555253680475	0
924, 7616.824403303095	436.46928399098863	45.040715958772125	0
925, 7595.269179636089	454.873161914352	-21.55522366700643	0
926, 7619.012494363328	425.55004518628215	23.74331472723952	0
927, 7454.188731284796	428.3151327288157	-164.82376307853247	0
928, 7400.886076750392	413.8139675113401	-53.3026545344037	0
929, 7465.5249531414065	407.77547796401933	64.63887639101449	0
930, 7466.945437102781	466.26946133458074	1.4204839613748845	0
931, 7486.066886397958	420.3524366462264	19.121449295176717	0
932, 7509.011081331287	475.4304263214869	22.944194933328617	0
933, 7458.750936352411	454.8477350744425	-50.26014497887536	0
934, 7564.179593761635	411.3675766717144	105.42865740922389	0
935, 7528.894187179686	417.55265257802375	-35.285406581949246	0
936, 7580.125963574662	436.0924403274394	51.231776394975896	0
937, 7606.155329937457	442.9227437123296	26.029366362795372	0
938, 7635.7002558373015	431.66382340319177	29.544925899844202	0
939, 7673.660303872705	434.85731553245495	37.960048035403815	0
940, 7615.56231657895	483.97892318574503	-58.09798729375507	0
941, 7465.93921156604	414.6215606081475	-149.62310501290995	0
942, 7470.442830690377	444.9495987501006	4.503619124337092	0
943, 7527.012310577251	439.55302437083645	56.56947988687352	0
944, 7591.475802031183	436.09155639130694	64.46349145393197	0
945, 7566.705030288551	454.3656246942674	-24.77077174263195	0
946, 7605.465803608987	417.508292280128	38.760773320435874	0
947, 7654.7798666578765	396.6030890291191	49.31406304888969	0
948, 7620.44428034331	440.48574131118437	-34.33558631456617	0
949, 7580.940740788958	417.91928060421947	-39.503539554352756	0
950, 7575.046118541618	407.36503101686293	-5.894622247339612	0
951, 7589.892257277567	390.20563543322044	14.846138735949353	0
952, 7682.624188410096	387.0119168554573	92.7319311325291	0
953, 7601.989685473755	450.54200590871426	-80.63450293634105	0
954, 7629.0048217539925	428.2606826630361	27.01513628023713	0
955, 7651.668769171774	453.46715099213475	22.663947417781856	0
