1, 6310.880066944461	357.3935020340482	6310.880066944461	0
2, 6317.205965698932	326.4069133926225	6.325898754471382	0
3, 6455.363469593589	364.86266623921085	138.15750389465666	0
4, 6653.358371549684	382.20353809312303	197.99490195609542	0
5, 6875.128819666513	413.0502556150513	221.77044811682845	0
6, 7059.5259186125	381.81282508799984	184.39709894598764	0
7, 7361.490643238008	427.98218940259574	301.9647246255072	0
8, 7626.510242196126	438.8040238982607	265.01959895811797	0
9, 7947.380277120283	490.11318577983894	320.87003492415715	0
10, 8275.484631449046	485.2126647413714	328.1043543287633	0
11, 8549.47148110708	509.75366836478753	273.98684965803477	0
12, 8820.238737402196	515.2871780032988	270.76725629511566	0
13, 9235.174039322432	543.8164606295867	414.93530192023536	0
14, 9331.48640125328	543.6175527802902	96.31236193084806	0
15, 9511.209188116452	550.8510524197002	179.7227868631726	0
16, 9978.607783107671	567.6865726206886	467.3985949912185	0
17, 9882.381768112275	561.4779855487901	-96.22601499539633	0
18, 10199.366220230115	591.2285852747841	316.9844521178402	0
19, 10389.253224862387	594.9179690398387	189.88700463227178	0
20, 10351.27610085431	548.750835733375	-37.977124008077226	0
21, 10439.43341610363	573.2427675248995	88.15731524932016	0
22, 10415.111957557605	644.164344507608	-24.321458546024587	0
23, 10342.809084870698	658.2218476113351	-72.302872686907	0
24, 10266.514640892628	636.1017274905653	-76.29444397806947	0
25, 9852.722988492556	494.98950364366283	-413.79165240007205	0
26, 9908.407505105804	620.5506479923473	55.68451661324798	0
27, 9969.568929034036	569.141435452258	61.16142392823167	0
28, 9849.05742510576	597.918353453835	-120.51150392827549	0
29, 9484.362714700268	581.088698214178	-364.6947104054925	0
30, 9503.425752423902	544.9124265294835	19.063037723633897	0
31, 9143.785237077414	465.53754489019764	-359.6405153464875	0
32, 9034.251089452757	464.0825518222029	-109.53414762465763	0
33, 9073.148637915554	577.1349353171231	38.897548462797204	0
34, 8784.465857407535	533.093258090475	-288.6827805080193	0
35, 8776.848386097254	555.9838863882545	-7.617471310280962	0
36, 8508.084152215744	519.5680015327787	-268.7642338815094	0
37, 8496.373810434983	477.75853997345973	-11.710341780761155	0
38, 8457.260617242675	509.89952063118307	-39.113193192308245	0
39, 8159.72842687602	418.2328673330326	-297.5321903666545	0
40, 8085.615976949265	443.78923629721487	-74.11244992675529	0
41, 7881.566739796682	456.7975415685979	-204.04923715258337	0
42, 7938.716526314959	471.4563065324175	57.149786518277324	0
43, 7779.44262137795	435.1949750473339	-159.27390493700932	0
44, 7699.770113928684	409.32570430098366	-79.67250744926605	0
45, 7544.801846078664	441.1027950083143	-154.9682678500194	0
46, 7411.988342131082	410.2144182104252	-132.81350394758192	0
47, 7336.344230742597	433.99930873868186	-75.64411138848573	0
48, 7058.710599994445	384.97695715723336	-277.6336307481515	0
49, 7094.854753924648	396.8407377389285	36.144153930203174	0
50, 7104.252314550182	416.5436633885047	9.397560625533515	0
51, 7068.298091879366	423.5605846991034	-35.9542226708154	0
52, 6948.661519301747	394.543747971203	-119.63657257761952	0
53, 6894.939709327364	399.6313267684129	-53.72180997438318	0
54, 6888.219726271705	385.77990040605675	-6.719983055658304	0
55, 6900.596724271077	358.6389815631229	12.37699799937127	0
56, 6903.4630924154	397.26656043107624	2.8663681443231326	0
57, 7044.57775005843	423.54420176994256	141.1146576430301	0
58, 7114.006219183928	395.2258402790927	69.42846912549794	0
59, 7034.798531345563	387.4956646440522	-79.20768783836502	0
60, 7010.180332686682	412.1970501981263	-24.61819865888083	0
61, 7105.973478474827	395.0280055386183	95.79314578814501	0
62, 7305.710783690298	413.4987068546659	199.73730521547077	0
63, 7241.997189310475	417.81921865820084	-63.71359437982301	0
64, 7284.202611974057	409.36394065309867	42.205422663581885	0
65, 7228.992568326446	432.3612361612388	-55.21004364761029	0
66, 7436.757250672727	436.77285386714203	207.764682346281	0
67, 7473.705949883601	388.84752200898043	36.9486992108732	0
68, 7437.300478524058	395.7287456092784	-36.40547135954239	0
69, 7400.961195215349	421.61898834356975	-36.33928330870913	0
70, 7642.152811274449	427.6022630462284	241.19161605909994	0
71, 7670.192322726527	491.55326356565615	28.03951145207793	0
72, 7677.635972780435	441.07506061830486	7.4436500539077315	0
73, 7606.255127510964	477.5260289594444	-71.38084526947114	0
74, 7603.224538267507	454.87433720815943	-3.030589243456234	0
75, 7669.937511809102	440.4306326278713	66.71297354159469	0
76, 7572.580573186515	492.6829213106679	-97.35693862258722	0
77, 7798.580492651083	454.870859657521	225.99991946456794	0
78, 7738.548178409988	451.6212168181839	-60.032314241094355	0
79, 7768.569985878532	468.7137270159337	30.021807468543557	0
80, 7694.8909572055845	452.14518817796966	-73.67902867294742	0
81, 7715.030639237143	412.7456235122161	20.13968203155855	0
82, 7645.799210659703	399.91872119249143	-69.23142857744006	0
83, 7672.382517672342	436.40630959930655	26.583307012639125	0
84, 7566.57472959433	453.45806179056564	-105.80778807801198	0
85, 7477.950955799989	398.7730398253302	-88.6237737943411	0
86, 7270.126338195399	420.28517287939206	-207.82461760459046	0
87, 7182.114342426113	380.876641310193	-88.01199576928593	0
88, 7413.138461602548	437.28165886058804	231.0241191764353	0
89, 7331.630732320701	434.7147079901546	-81.50772928184688	0
90, 7402.704148477875	441.5461488287157	71.0734161571736	0
91, 7357.039213564094	407.15735868728945	-45.6649349137806	0
92, 7306.298531784361	440.65358931225984	-50.74068177973277	0
93, 7352.357951843834	417.009096974118	46.05942005947236	0
94, 7343.213330635015	394.499583112457	-9.144621208818535	0
95, 7385.419544394831	435.5973502102544	42.20621375981591	0
96, 7432.626893414113	414.47070881808713	47.20734901928154	0
97, 7467.885807066889	427.65066129350697	35.258913652776755	0
98, 7498.387098096049	418.02183630864096	30.501291029159802	0
99, 7652.226997682394	445.8963081995013	153.83989958634447	0
100, 7854.906812357952	486.45535941947145	202.6798146755582	0
101, 7935.614732771166	456.51017001493693	80.7079204132142	0
102, 8024.873102281738	447.3348276489347	89.25836951057227	0
103, 7971.510627555527	455.14466589262406	-53.362474726211076	0
104, 7863.066266276764	447.4868224944538	-108.44436127876361	0
105, 7745.156619959865	438.7998156958241	-117.90964631689894	0
106, 7789.568141417003	463.94328975873236	44.411521457138406	0
107, 7850.043913548555	465.84541726516966	60.47577213155182	0
108, 7874.063110104756	465.829507429822	24.019196556200768	0
109, 7872.275479330156	422.81081842946344	-1.7876307746000748	0
110, 7907.699885872273	512.5336145288854	35.42440654211714	0
111, 7688.5213425927095	453.2809118144301	-219.1785432795632	0
112, 7591.492697717343	431.01742868068237	-97.02864487536681	0
113, 7698.31377050253	439.05595344473545	106.82107278518743	0
114, 7640.567290166503	467.81623176946346	-57.74648033602716	0
115, 7539.957032682291	465.68710606265876	-100.61025748421162	0
116, 7406.91386558785	435.07581749729593	-133.04316709444174	0
117, 7459.666241409426	389.2804312130654	52.75237582157661	0
118, 7492.730850380761	427.9979221445963	33.064608971334565	0
119, 7482.076001276205	424.18994002528416	-10.654849104555979	0
120, 7231.930742493861	439.39193066317455	-250.14525878234417	0
121, 7260.478769936091	428.0303676244095	28.548027442230705	0
122, 7269.290297265923	427.14017269111014	8.811527329831733	0
123, 7312.853228830751	416.42008258898596	43.56293156482752	0
124, 7313.437489249633	414.45937099499685	0.5842604188819678	0
125, 7298.695313676235	405.52880410888946	-14.742175573397617	0
126, 7312.524234858988	413.34553684309395	13.82892118275322	0
127, 7308.317958198526	380.58929593036885	-4.206276660462208	0
128, 7327.581312961397	450.2648080821051	19.26335476287113	0
129, 7498.207859762918	448.22999770852505	170.62654680152082	0
130, 7564.1319289333305	461.4118462387381	65.92406917041262	0
131, 7526.159873105417	429.4539990202155	-37.97205582791321	0
132, 7542.559067203967	458.8305052458	16.399194098549742	0
133, 7529.929013486506	465.3004999210452	-12.630053717461124	0
134, 7527.451195572802	446.0431002764097	-2.4778179137038023	0
135, 7541.329536956987	443.84917103950124	13.87834138418475	0
136, 7528.589715485769	426.86514766122053	-12.73982147121751	0
137, 7556.2884702945585	473.5985768726126	27.69875480878909	0
138, 7651.366989617691	399.59730948220937	95.07851932313224	0
139, 7625.678647790851	459.0927993004015	-25.68834182683986	0
140, 7639.7027774156195	437.04935965122115	14.024129624768648	0
141, 7561.182513921261	424.26695838789755	-78.52026349435891	0
142, 7655.422954162051	434.9259487062919	94.24044024079012	0
143, 7620.618949678336	449.71859976400543	-34.80400448371438	0
144, 7623.426035188651	419.22762545934364	2.807085510315119	0
145, 7624.437345873743	453.4756441596304	1.0113106850913027	0
146, 7642.387862902339	506.62229625336676	17.95051702859655	0
147, 7642.273404121177	457.0911573556769	-0.11445878116228414	0
148, 7597.525584978146	469.89363308527504	-44.74781914303094	0
149, 7534.283856553358	448.14632486101783	-63.24172842478765	0
150, 7663.93964597215	453.88189460102495	129.65578941879176	0
151, 7607.757421935203	430.8728749639369	-56.182224036947446	0
152, 7474.640908374925	442.5303030310818	-133.11651356027778	0
153, 7453.114742420808	430.63763105610724	-21.52616595411655	0
154, 7404.670891096646	420.8253723278683	-48.4438513241621	0
155, 7445.313327809393	454.5604285812785	40.64243671274653	0
156, 7532.8606702146535	446.204317632902	87.54734240526068	0
157, 7496.278784472602	421.9585137275903	-36.58188574205178	0
158, 7515.725681432986	433.9402632693962	19.446896960384038	0
159, 7455.824570737851	395.5527375069013	-59.901110695134776	0
160, 7454.006040295215	418.42884900507613	-1.8185304426360744	0
161, 7473.4509123791895	418.3466036445614	19.444872083974587	0
162, 7490.218188670967	425.3711455330884	16.767276291777307	0
163, 7544.3538381046	465.59645454967455	54.13564943363326	0
164, 7498.340266196688	434.2909953918431	-46.01357190791168	0
165, 7476.0371637882845	409.68359888935845	-22.303102408403902	0
166, 7530.111337219844	411.0968709788726	54.07417343155976	0
167, 7576.455893846382	447.52057396782783	46.34455662653818	0
168, 7511.266870054458	423.75187663098137	-65.18902379192423	0
169, 7543.778251605751	429.70325365183675	32.5113815512932	0
170, 7533.117554935352	440.6074433440866	-10.660696670399375	0
171, 7633.028913351144	453.92456405844047	99.91135841579217	0
172, 7642.3894290968365	437.60371060573937	9.360515745692283	0
173, 7635.378542036564	447.0398503355498	-7.01088706027258	0
174, 7661.606524155117	440.1343054406996	26.227982118552973	0
175, 7617.172787103844	461.6304805190822	-44.433737051273056	0
176, 7645.30257532341	466.7619155783239	28.129788219565853	0
177, 7673.894514179468	457.8087305105453	28.591938856058732	0
178, 7721.142616014805	447.6221721912868	47.248101835336456	0
179, 7565.662489304775	418.10597425163286	-155.48012671003016	0
180, 7479.163350860129	429.71024319560314	-86.49913844464572	0
181, 7458.272007652603	459.2073002943513	-20.891343207526006	0
182, 7510.178585686808	409.6715232104038	51.90657803420527	0
183, 7529.242395628884	451.4121243304913	19.06380994207575	0
184, 7632.065455610041	410.9215511286962	102.8230599811568	0
185, 7619.829164693442	456.45529722225444	-12.236290916598591	0
186, 7663.679219634708	426.0163113756908	43.850054941265626	0
187, 7642.8520412991975	433.35720831222505	-20.827178335510325	0
188, 7642.894790901454	452.87055064308527	0.04274960225666291	0
189, 7622.362605743047	443.75214098693436	-20.53218515840672	0
190, 7506.208893064391	413.00539646336233	-116.15371267865612	0
191, 7513.537679035626	446.8762691657672	7.328785971234538	0
192, 7608.287794828706	433.7492592769061	94.75011579308011	0
193, 7592.984000976753	447.82133077628544	-15.303793851952832	0
194, 7599.180344262058	439.1192369995298	6.196343285304465	0
195, 7656.261024500099	473.1835164973604	57.08068023804117	0
196, 7614.3805224455	436.5376827330881	-41.880502054598765	0
197, 7584.078406001775	411.10373532414474	-30.302116443725026	0
198, 7543.207190235282	420.7331574014918	-40.87121576649315	0
199, 7582.762490175491	403.00544701758565	39.5552999402089	0
200, 7712.890829707468	428.96169962552233	130.12833953197696	0
201, 7704.057934778806	431.94483300972877	-8.832894928661517	0
202, 7658.279601163899	459.0545200153656	-45.77833361490684	0
203, 7661.23148914054	425.6132273828823	2.9518879766410464	0
204, 7675.419821153959	440.47452844933565	14.188332013418403	0
205, 7789.010398260943	462.485905643844	113.5905771069838	0
206, 7748.18972679699	447.78569027439534	-40.82067146395275	0
207, 7778.5062599629	457.1377222622334	30.316533165910187	0
208, 7868.5430014211115	429.34057506324837	90.03674145821151	0
209, 7846.964701040277	452.19701375399313	-21.578300380834662	0
210, 7967.259330186245	427.17672261211544	120.29462914596843	0
211, 7946.960189465954	469.8116352929164	-20.29914072029169	0
212, 7994.496619292173	481.3728044582287	47.53642982621932	0
213, 8138.333280088072	443.3969380263844	143.83666079589875	0
214, 8198.736411156653	508.9202872485945	60.40313106858139	0
215, 8212.165725430661	471.49311593885966	13.429314274007993	0
216, 8236.04486149336	444.1953620222342	23.879136062698308	0
217, 8360.384964331726	466.67956152377974	124.34010283836687	0
218, 8532.565968148636	498.3158149365562	172.18100381690965	0
219, 8589.115125426368	467.6512203406481	56.549157277731865	0
220, 8685.061495125876	512.7001994218472	95.94636969950807	0
221, 8805.166004058385	486.0068901905734	120.1045089325089	0
222, 8867.019176971915	555.99591972994	61.853172913530216	0
223, 8950.090584206342	495.0066394142284	83.07140723442717	0
224, 9023.749942801815	524.3720705616907	73.65935859547244	0
225, 9077.493391178783	491.7091910980898	53.743448376968445	0
226, 9101.575768910678	561.0805586989826	24.082377731894667	0
227, 9166.640464597025	475.4565555989007	65.06469568634748	0
228, 9278.536181191157	576.6130532068054	111.89571659413195	0
229, 9364.71449769003	534.4494823899793	86.17831649887376	0
230, 9144.78593138097	535.2769201147729	-219.92856630906135	0
231, 9267.085177848674	552.7006827502215	122.2992464677045	0
232, 9218.197611018084	524.3856858316416	-48.88756683059	0
233, 9224.609827032844	503.030375738455	6.412216014759906	0
234, 9153.594467280434	573.1793315146521	-71.0153597524095	0
235, 9023.823674780524	501.6802128034084	-129.77079249991039	0
236, 8952.082056000836	495.3116631443093	-71.741618779688	0
237, 8920.304611629928	543.151471952199	-31.777444370907688	0
238, 8876.917901874722	548.9423538955909	-43.38670975520654	0
239, 8828.219974787027	504.45340490476934	-48.69792708769455	0
240, 8707.176306689184	516.475269504705	-121.04366809784369	0
241, 8743.828110812556	482.87621858721707	36.65180412337213	0
242, 8546.667730221021	471.50539098940135	-197.1603805915347	0
243, 8368.768211936778	506.04424308536846	-177.89951828424273	0
244, 8360.754886630062	482.3175395549379	-8.01332530671607	0
245, 8283.640779386042	446.8029043417351	-77.11410724402049	0
246, 8239.562326224297	463.0170279951126	-44.07845316174462	0
247, 8076.49356494982	460.8084611240096	-163.06876127447686	0
248, 8033.511714900572	434.1781490519062	-42.98185004924835	0
249, 7924.401691853072	493.602041021485	-109.11002304749945	0
250, 7845.779078496856	491.86843638449864	-78.62261335621679	0
251, 7734.951011548572	473.61034455071353	-110.82806694828378	0
252, 7716.223739127825	462.18745912201877	-18.727272420746885	0
253, 7656.333914121796	431.4419934017128	-59.88982500602924	0
254, 7436.738494107799	444.12428071032883	-219.59542001399677	0
255, 7429.505527506708	432.71829558793456	-7.232966601090993	0
256, 7269.678039315765	413.7785224338182	-159.82748819094286	0
257, 7300.234567764873	403.4505989956013	30.556528449107645	0
258, 7179.909331272006	427.0314073482549	-120.32523649286668	0
259, 7160.549020795461	374.5848742353944	-19.360310476545237	0
260, 7172.900843981437	397.8075380498035	12.351823185976173	0
261, 7041.0129362889575	432.5176171855524	-131.88790769247953	0
262, 7035.611818849712	407.21246194480034	-5.401117439245354	0
263, 7142.747341743787	441.4334589373071	107.13552289407471	0
264, 7157.979135774764	421.0067802840494	15.231794030976744	0
265, 7159.726301279796	438.6733732069004	1.7471655050321715	0
266, 7025.13664274915	412.53908131523593	-134.58965853064547	0
267, 7088.312312814913	399.5038372046283	63.17567006576246	0
268, 7181.31178771553	412.4750326858121	92.99947490061732	0
269, 7150.684292087106	413.5896929315122	-30.627495628424185	0
270, 7170.042324712866	386.0893270821551	19.358032625759733	0
271, 7175.255697239823	436.0753268986231	5.213372526957755	0
272, 7169.700923926049	470.9245484286537	-5.554773313774604	0
273, 7099.587390020171	438.1673948808216	-70.11353390587738	0
274, 7260.965698224281	371.4780914778261	161.37830820411	0
275, 7286.928548579817	405.5395775686372	25.96285035553592	0
276, 7287.524450291884	440.91222680998874	0.595901712066734	0
277, 7282.626573015237	429.5951750905703	-4.8978772766467955	0
278, 7436.386559164842	412.5981834625331	153.75998614960463	0
279, 7398.249295232729	445.2959109335878	-38.137263932112546	0
280, 7423.732773265382	445.7017468543388	25.483478032652783	0
281, 7604.016119522888	437.7947927973224	180.2833462575063	0
282, 7619.685183389507	488.0564956568875	15.669063866618671	0
283, 7621.648607318091	463.2803068289031	1.963423928584234	0
284, 7721.758283990721	408.4544096337046	100.10967667262958	0
285, 7767.486541245214	455.8433355878364	45.728257254492746	0
286, 7705.275597722935	412.04954129912585	-62.210943522278285	0
287, 7869.0532965910015	479.95273336555624	163.77769886806618	0
288, 7931.66514304889	495.3322094018315	62.61184645788853	0
289, 7835.963990695619	475.730812070912	-95.70115235327103	0
290, 7743.374135634025	429.5944177402084	-92.58985506159388	0
291, 7759.520544238954	455.75496234866273	16.146408604929093	0
292, 7748.40464321847	484.5694498523422	-11.11590102048467	0
293, 7782.0116393878925	450.6174522515168	33.60699616942293	0
294, 7789.6944443584825	472.3992839712619	7.682804970590041	0
295, 7749.471573979063	451.1366886959994	-40.222870379419874	0
296, 7856.857930560899	499.41553445264907	107.38635658183648	0
297, 7809.154483406115	427.6838527782166	-47.703447154784044	0
298, 7758.663008068347	421.1864144666437	-50.49147533776795	0
299, 7719.636066697417	446.2558088762226	-39.02694137093022	0
300, 7737.514610761707	438.12321251649234	17.87854406429051	0
301, 7654.758045612435	498.6573351480656	-82.75656514927232	0
302, 7747.25552126482	443.19540502019026	92.49747565238522	0
303, 7605.083954085667	422.6305089728916	-142.1715671791535	0
304, 7593.318232966715	437.815944555061	-11.76572111895166	0
305, 7708.488219998199	463.27439750951834	115.1699870314842	0
306, 7550.793308538362	439.36800017609886	-157.69491145983739	0
307, 7529.0065052793825	439.2857551888323	-21.78680325897949	0
308, 7653.129082021738	457.12603376633257	124.1225767423557	0
309, 7540.003350758504	446.0348119952013	-113.12573126323423	0
310, 7501.915808487786	442.1038006078984	-38.08754227071768	0
311, 7488.7517829392955	430.07588640281546	-13.164025548490827	0
312, 7479.399502609901	412.2108991716999	-9.352280329394489	0
313, 7502.457936898222	418.4008708237439	23.058434288321223	0
314, 7407.590946911713	424.91701688567434	-94.866989986509	0
315, 7389.473215423798	423.013590558059	-18.11773148791508	0
316, 7364.329089758685	456.02702352954725	-25.14412566511328	0
317, 7376.509443967419	403.01404643448717	12.18035420873457	0
318, 7391.7493070968485	431.2511329436359	15.239863129429068	0
319, 7360.953528537943	434.2973422138081	-30.795778558905113	0
320, 7350.5022263763885	438.39609839378085	-10.45130216155485	0
321, 7349.690022256538	429.64014565724443	-0.8122041198503211	0
322, 7377.2233510151555	416.9778079170193	27.533328758617245	0
323, 7401.959234358898	427.494035119712	24.7358833437429	0
324, 7392.845012679185	425.07910198170987	-9.11422167971341	0
325, 7404.255190536641	441.79747858596244	11.410177857455892	0
326, 7513.373397118182	368.30945162405055	109.11820658154102	0
327, 7557.643170251111	414.25554886048974	44.269773132929004	0
328, 7516.515070217632	475.8406724688568	-41.12810003347931	0
329, 7654.407506815884	419.8981750977733	137.89243659825206	0
330, 7653.147845333242	427.7350209511006	-1.2596614826416044	0
331, 7763.254129009354	459.8489724654094	110.10628367611207	0
332, 7734.071303372142	419.3436840795452	-29.182825637211863	0
333, 7777.213105658424	488.82687333408853	43.141802286281745	0
334, 7902.953137653806	417.6005467553725	125.7400319953822	0
335, 7951.818351587169	480.3456859471045	48.86521393336261	0
336, 7995.6442340705535	475.696388153828	43.8258824833847	0
337, 8018.938733849317	452.1597827363125	23.294499778763566	0
338, 8095.786295394866	490.63917132499745	76.84756154554907	0
339, 8245.146890570917	428.214256568	149.360595176051	0
340, 8402.63921911168	482.3252766966609	157.49232854076217	0
341, 8350.511801312025	497.7320495780749	-52.12741779965472	0
342, 8523.407259230751	505.934087124266	172.8954579187266	0
343, 8730.741032361748	514.9644055112391	207.33377313099663	0
344, 8737.894525716189	471.78308778736016	7.153493354440798	0
345, 8866.274686046909	497.1062274960464	128.38016033072017	0
346, 8873.896051230413	501.6645720720222	7.621365183504167	0
347, 8949.479565677888	507.3972374351863	75.58351444747495	0
348, 8910.700226519037	510.47641317525046	-38.779339158851144	0
349, 9031.62742181926	533.738888399793	120.92719530022259	0
350, 9054.49521792312	518.2428022200593	22.86779610386111	0
351, 9065.761746628596	534.7772340301744	11.266528705475139	0
352, 9110.485011846627	497.97736622809924	44.723265218031884	0
353, 9010.460368410073	567.9015956656119	-100.02464343655447	0
354, 9036.33830356965	550.3687618909935	25.877935159576737	0
355, 9011.48226091298	529.8053963026074	-24.85604265666916	0
356, 8968.332340242168	494.17376092242534	-43.14992067081221	0
357, 8809.38386893596	498.0165760802765	-158.94847130620838	0
358, 8821.520321227552	495.15222207158024	12.136452291591922	0
359, 8699.936644508964	500.4699589576289	-121.58367671858832	0
360, 8693.547884323698	506.80541017858155	-6.38876018526571	0
361, 8557.394204518607	423.49043438284184	-136.1536798050911	0
362, 8564.0954734859	506.1957627292449	6.7012689672937995	0
363, 8396.75742401338	433.83062965150816	-167.33804947252065	0
364, 8323.181214380496	534.9596926220954	-73.57620963288355	0
365, 8179.082538176967	506.63325844580754	-144.09867620352907	0
366, 8201.580214089332	485.93728234455943	22.497675912364684	0
367, 8001.316889468031	475.3835821604341	-200.26332462130085	0
368, 7975.466192622815	443.7753858681652	-25.85069684521659	0
369, 7784.190599579944	438.6389087426783	-191.27559304287024	0
370, 7806.074684591896	448.0334201217562	21.884085011951356	0
371, 7655.963333422862	478.33104722510194	-150.1113511690337	0
372, 7634.167965429064	462.5451740703488	-21.79536799379821	0
373, 7493.75339016287	433.03358970208944	-140.41457526619342	0
374, 7357.772312797311	436.66477141130434	-135.98107736555903	0
375, 7398.213436259179	400.6003621462799	40.44112346186739	0
376, 7207.065261199405	413.1296736024188	-191.14817505977408	0
377, 7121.148402201063	421.09849605183786	-85.91685899834192	0
378, 7035.88280055763	434.9482952366913	-85.265601643433	0
379, 6991.615844430597	409.0290752565128	-44.266956127033154	0
380, 7032.090959737824	394.73164382683024	40.4751153072275	0
381, 6852.36816341405	377.9790214721231	-179.72279632377376	0
382, 6862.945530002262	390.72842238482264	10.57736658821159	0
383, 6901.788006318323	379.6869145219046	38.84247631606104	0
384, 6794.561987179639	390.82045539120566	-107.22601913868402	0
385, 6699.965092625006	359.99820597191837	-94.59689455463285	0
386, 6679.0053514455085	368.37132094029965	-20.95974117949754	0
387, 6607.900721936793	350.65888349160826	-71.10462950871533	0
388, 6569.948293214623	372.6880815461144	-37.952428722170225	0
389, 6527.11287957104	322.75987967770135	-42.8354136435828	0
390, 6540.001695828187	329.8364596182559	12.888816257146573	0
391, 6481.895253386223	369.42799337613275	-58.106442441963736	0
392, 6513.590649575382	346.61063313967446	31.6953961891586	0
393, 6487.1444974511305	358.6832792242995	-26.446152124251057	0
394, 6503.360974195492	346.15675289649835	16.2164767443619	0
395, 6465.018691399541	367.5526688457229	-38.34228279595118	0
396, 6462.544092724816	390.888351464269	-2.4745986747248025	0
397, 6482.57809584217	354.06241979693505	20.034003117353677	0
398, 6525.372340300234	374.73551523948	42.794244458063986	0
399, 6522.861198987653	368.91253593375416	-2.511141312581458	0
400, 6494.126082120293	363.94432971374164	-28.735116867359466	0
401, 6548.026429804571	357.7773391030776	53.90034768427813	0
402, 6615.763314669108	374.77529672007245	67.73688486453648	0
403, 6687.285464989791	397.13956555051726	71.52215032068307	0
404, 6703.391203914762	397.7003426233969	16.105738924970865	0
405, 6769.532033134717	360.55452094762734	66.14082921995487	0
406, 6872.012515904907	399.73909255654587	102.48048277019006	0
407, 6875.067988399235	392.30892914823005	3.055472494328569	0
408, 6948.725716321513	429.69274620719324	73.65772792227745	0
409, 7013.421177355192	389.9883272389031	64.69546103367975	0
410, 7088.510740690882	391.8042831245067	75.08956333568949	0
411, 7090.193158489561	391.76653605924946	1.6824177986791256	0
412, 7205.240397442754	411.6825333135964	115.0472389531933	0
413, 7198.605358762728	409.07257793086256	-6.6350386800259	0
414, 7345.417252645627	434.58837155782567	146.8118938828984	0
415, 7327.903935079187	442.23238054590365	-17.513317566439582	0
416, 7445.567223515442	443.51312847560604	117.66328843625433	0
417, 7529.695618922091	419.41133918766803	84.12839540664936	0
418, 7529.108492684486	459.1230919839194	-0.5871262376049344	0
419, 7583.08073791517	458.354341855124	53.972245230684166	0
420, 7691.224204045521	411.4305454265333	108.14346613035104	0
421, 7722.546313820011	457.0983413457365	31.322109774489945	0
422, 7699.102271238284	432.76925215419936	-23.444042581727444	0
423, 7874.426657550468	473.08611590602544	175.3243863121843	0
424, 7903.292282339491	473.5676189410059	28.86562478902306	0
425, 7911.22990263669	412.28763066741885	7.937620297198919	0
426, 7917.324420891401	449.17636952478676	6.094518254711147	0
427, 7888.86260433181	451.33646369823356	-28.46181655959117	0
428, 8061.639684871123	454.3697374229757	172.77708053931292	0
429, 8162.459775765173	543.5030611144755	100.82009089404983	0
430, 8073.574949387671	440.2529682194511	-88.88482637750167	0
431, 8090.656477173583	478.8220387179702	17.08152778591193	0
432, 8110.151133382593	473.6900376899501	19.494656209009918	0
433, 7921.65898604318	455.11216347729516	-188.49214733941244	0
434, 7971.706998377483	464.2962446148865	50.04801233430226	0
435, 7887.539901658108	472.7964354713238	-84.16709671937497	0
436, 7948.425414585158	482.76955665816035	60.88551292705051	0
437, 7924.814828074497	463.3061670206801	-23.61058651066105	0
438, 7754.395709734502	473.5458864571409	-170.4191183399953	0
439, 7752.118561638038	443.50419172135486	-2.2771480964638613	0
440, 7716.385277423801	462.65089672862	-35.733284214236846	0
441, 7656.564269668193	495.9092367147736	-59.82100775560775	0
442, 7535.279067325198	428.60909360854026	-121.28520234299503	0
443, 7544.851003668729	456.13625910695436	9.571936343530979	0
444, 7404.821283869754	408.43002717170907	-140.02971979897575	0
445, 7417.735718948517	430.5212952112504	12.914435078763745	0
446, 7306.098764878839	436.5471464800056	-111.63695406967872	0
447, 7297.091434548119	389.5055230943033	-9.007330330719924	0
448, 7197.271428220447	388.3952216474447	-99.82000632767176	0
449, 7100.7894206046985	433.4225587735556	-96.48200761574844	0
450, 7100.3971268035775	385.1776870317326	-0.39229380112101353	0
451, 6997.437425798948	366.9188992985557	-102.9597010046291	0
452, 6973.70428522634	421.33997776368125	-23.733140572608136	0
453, 6956.4010131727255	412.9473186625521	-17.30327205361482	0
454, 6945.04006143779	432.70750161533016	-11.360951734935043	0
455, 6952.166936025444	393.39230863730546	7.126874587653219	0
456, 6964.578401013803	376.4229615416352	12.411464988359512	0
457, 7021.312441322795	390.98283173306993	56.73404030899201	0
458, 6946.247773041696	390.55511878630546	-75.06466828109933	0
459, 6979.213741764769	429.5072467925142	32.965968723073274	0
460, 6947.962359015731	366.5535695160684	-31.251382749038385	0
461, 6968.2411709315675	388.7465233735865	20.27881191583674	0
462, 6993.362555222448	417.2637261016745	25.121384290880087	0
463, 6988.336968666629	392.9310908188346	-5.025586555818336	0
464, 7000.509966513157	385.17361777390227	12.172997846528233	0
465, 6921.314473611539	426.8545466220635	-79.19549290161831	0
466, 7002.084625097455	405.5271476227911	80.77015148591545	0
467, 7101.032813651129	438.77883300196356	98.9481885536743	0
468, 7091.901173087499	385.89865864609754	-9.131640563629844	0
469, 7107.931445499171	429.85514377996935	16.03027241167183	0
470, 7152.384205446366	412.1309771402846	44.45275994719486	0
471, 7108.651702125593	420.85632535059904	-43.732503320772594	0
472, 7102.481910557018	422.3910506156379	-6.16979156857542	0
473, 7063.677403547063	395.60583246103926	-38.80450700995516	0
474, 7156.068125330748	425.94180817292374	92.39072178368588	0
475, 7192.078553297613	418.42855814313765	36.01042796686488	0
476, 7238.930725274047	420.1015029331747	46.852171976433965	0
477, 7258.342203596174	457.0378263080772	19.41147832212664	0
478, 7236.21465976406	430.30769943458733	-22.127543832113588	0
479, 7283.058416389618	407.17260914750796	46.843756625557944	0
480, 7215.9406388400475	427.5039928810667	-67.11777754957075	0
481, 7252.632096693611	431.52723028812886	36.691457853563406	0
482, 7213.881295686112	432.8593248237453	-38.75080100749892	0
483, 7239.242452086158	410.5696680784099	25.36115640004573	0
484, 7408.58080544475	419.51164532581817	169.33835335859203	0
485, 7441.265922360318	402.7017079960431	32.68511691556796	0
486, 7410.88404890287	440.5254824354233	-30.38187345744791	0
487, 7449.3073261656245	451.4961197928994	38.42327726275471	0
488, 7418.19033956541	420.641576867047	-31.11698660021466	0
489, 7565.66168444049	421.0737566662227	147.47134487507992	0
490, 7541.575029605221	442.46610950469926	-24.086654835268746	0
491, 7580.958188471506	445.7372209018785	39.38315886628516	0
492, 7580.889888135148	406.9908952165599	-0.06830033635833388	0
493, 7662.519121804904	467.11383410726023	81.6292336697561	0
494, 7814.150050079546	434.15428941326996	151.63092827464243	0
495, 7747.819057487544	467.3686778381807	-66.33099259200208	0
496, 7722.435641665199	449.2146214094615	-25.38341582234534	0
497, 7746.476873335636	437.0678265487466	24.0412316704369	0
498, 7732.737669213117	422.0935861064335	-13.739204122518458	0
499, 7781.593914398468	471.5061500631875	48.85624518535042	0
500, 7729.457595053331	429.88404675624093	-52.13631934513705	0
501, 7825.693383346092	430.79737591654106	96.23578829276084	0
502, 7735.183327121266	412.8481730900316	-90.51005622482535	0
503, 7646.283762267126	425.14663541520514	-88.89956485414041	0
504, 7625.780392441142	458.4284197882016	-20.50336982598401	0
505, 7606.657192410478	425.6969762695016	-19.12320003066361	0
506, 7643.268301210168	433.0649037472855	36.611108799689646	0
507, 7688.886156498	441.6191605633329	45.617855287831844	0
508, 7513.849346287531	454.98119511253003	-175.0368102104685	0
509, 7434.611926720346	438.4280818584631	-79.2374195671855	0
510, 7503.6932520645405	403.69399101760155	69.08132534419474	0
511, 7455.136134429071	406.0913592252658	-48.557117635469695	0
512, 7368.567323702963	422.6558227333424	-86.56881072610759	0
513, 7272.613934776979	453.51950007833733	-95.95338892598465	0
514, 7340.942435623679	425.3559796755926	68.32850084670008	0
515, 7184.665124712752	418.976103688382	-156.27731091092664	0
516, 7154.022952219806	428.3999043823853	-30.642172492945974	0
517, 7091.068399680611	382.84951146436254	-62.95455253919499	0
518, 7050.419949264506	422.6121614069917	-40.648450416105334	0
519, 7070.037973989184	395.21352747520154	19.618024724678435	0
520, 7040.396823911876	430.6691309604819	-29.64115007730834	0
521, 7081.101348816064	403.60927325865794	40.704524904188474	0
522, 6915.895772188557	402.4136350151998	-165.20557662750707	0
523, 6875.973636552919	387.6568614257933	-39.92213563563837	0
524, 7022.921460679289	371.1973029888121	146.9478241263705	0
525, 6941.846111609468	407.4153690237437	-81.07534906982164	0
526, 7028.248128861872	427.720185799775	86.40201725240422	0
527, 7084.804859962064	422.8752539307941	56.55673110019234	0
528, 7043.792526772097	421.0118444873302	-41.01233318996765	0
529, 7109.842884233003	426.8799661542995	66.05035746090653	0
530, 7062.933857184179	392.31797908982514	-46.9090270488241	0
531, 7110.773455900984	394.92579576258134	47.839598716805085	0
532, 7112.920349239532	408.268297210342	2.1468933385476703	0
533, 7217.626089565335	432.6988075102925	104.70574032580316	0
534, 7242.165106642844	413.34385288735945	24.539017077509016	0
535, 7267.215395676279	422.0057233515394	25.050289033434638	0
536, 7328.831387258934	432.38879489780044	61.615991582655624	0
537, 7345.8182752171	406.048600782249	16.986887958165426	0
538, 7440.802086750973	453.7472049073962	94.98381153387345	0
539, 7502.889837178108	425.6428561533417	62.08775042713478	0
540, 7552.473092813713	456.4571456885586	49.58325563560538	0
541, 7627.940349410642	439.7885082470178	75.46725659692856	0
542, 7715.7896156124425	497.3305224548237	87.84926620180067	0
543, 7783.50270699423	449.151375799464	67.71309138178731	0
544, 7845.608427379074	430.08956684428773	62.10572038484406	0
545, 7889.128277414687	476.22185253516545	43.51985003561276	0
546, 7992.095847330209	472.6827559426692	102.96756991552229	0
547, 8089.437739966782	441.60623163635995	97.341892636573	0
548, 8017.895147015468	470.26182219834226	-71.54259295131396	0
549, 8058.625261081116	481.43302560939884	40.730114065648195	0
550, 8038.865109261504	478.1068677967997	-19.760151819612474	0
551, 8082.748761268011	471.4583662022048	43.88365200650696	0
552, 8080.207042199571	470.32122952483206	-2.5417190684393063	0
553, 8007.166829362671	433.64360765226036	-73.04021283690054	0
554, 8096.924314708219	476.40157368296434	89.75748534554805	0
555, 8105.665498356449	481.99105710504745	8.741183648229708	0
556, 8129.478530871352	436.1576173712832	23.81303251490317	0
557, 7978.960857897482	510.98458761404953	-150.5176729738696	0
558, 7953.036408702408	443.65125049370135	-25.924449195073976	0
559, 7944.121631126575	429.7555209718003	-8.914777575832886	0
560, 7998.834843334986	428.41297911029915	54.71321220841037	0
561, 7872.557984048711	461.21069366634737	-126.27685928627488	0
562, 7824.46670589326	447.5946451609137	-48.09127815545071	0
563, 7901.3846530606115	431.7518619588904	76.91794716735149	0
564, 7783.4222491103155	462.98174707281294	-117.962403950296	0
565, 7713.289128454224	446.4240244809425	-70.1331206560917	0
566, 7709.066774178097	467.8898009813716	-4.22235427612668	0
567, 7667.35489002561	455.06726096235343	-41.71188415248707	0
568, 7676.8835596917	447.32385987283647	9.528669666089627	0
569, 7568.000231802511	460.4911765493735	-108.88332788918888	0
570, 7579.364479978248	439.7527752333306	11.364248175736975	0
571, 7598.486359782059	430.40855116811906	19.12187980381077	0
572, 7534.945038668361	434.19352637088775	-63.54132111369745	0
573, 7503.61346667973	446.99389997300943	-31.331571988631367	0
574, 7436.746752004143	433.81913879803585	-66.86671467558699	0
575, 7493.9528154829595	411.5546162906009	57.20606347881676	0
576, 7470.111723858941	435.59254304094117	-23.84109162401819	0
577, 7443.859343386417	393.2984927311655	-26.252380472524237	0
578, 7491.011768793175	453.90969237443323	47.152425406758084	0
579, 7439.012069163856	451.8042457598138	-51.999699629319366	0
580, 7474.194645092024	427.516295305129	35.18257592816826	0
581, 7437.016388573501	403.44848304622843	-37.178256518523085	0
582, 7456.845855380301	440.94412586131926	19.829466806800156	0
583, 7455.849264669416	402.6106693038044	-0.9965907108853571	0
584, 7520.8586305548915	448.85720823602514	65.00936588547575	0
585, 7500.281794304358	447.005248285854	-20.576836250533233	0
586, 7568.271781788751	404.3406504296111	67.98998748439226	0
587, 7660.728880977879	472.54357108659394	92.45709918912871	0
588, 7656.7305615889945	458.6572408794505	-3.998319388884738	0
589, 7749.810047334044	444.63647520269166	93.07948574504917	0
590, 7760.60785192001	439.0330101181078	10.797804585966333	0
591, 7788.687553238011	457.5883283494658	28.079701318000843	0
592, 7914.591957559828	442.2481361495759	125.90440432181731	0
593, 7925.173584889585	440.44296738397645	10.581627329756884	0
594, 8078.957173027845	461.8018684308198	153.7835881382598	0
595, 8154.272940606087	482.6706913054138	75.31576757824223	0
596, 8269.958048659342	461.74513881409155	115.68510805325514	0
597, 8377.675555335127	479.95179026322467	107.71750667578453	0
598, 8494.370096968982	533.403878482654	116.6945416338549	0
599, 8537.471680403847	505.1300104519231	43.10158343486546	0
600, 8553.932595784658	490.7014723123196	16.460915380810548	0
601, 8709.512676317088	520.6186333029708	155.58008053243066	0
602, 8692.997283355542	466.8987021471651	-16.51539296154624	0
603, 8806.560133821615	485.0144639707947	113.56285046607263	0
604, 8826.296380548585	521.1682969572059	19.73624672697042	0
605, 8874.433044923546	543.5775548887934	48.136664374960674	0
606, 8992.089060570202	556.690290676638	117.65601564665667	0
607, 8910.488946471161	529.5799034450318	-81.6001140990411	0
608, 9093.100724119131	499.49233494529676	182.61177764796957	0
609, 9113.997062982211	481.659047326623	20.896338863080018	0
610, 9123.386950015407	514.0866136968781	9.389887033195919	0
611, 9294.576378419935	542.8248612807922	171.18942840452837	0
612, 9274.941937220858	520.6611674552472	-19.634441199077628	0
613, 9350.903834650158	533.8747516544055	75.96189742930073	0
614, 9439.805521286498	527.8957830612279	88.90168663633995	0
615, 9482.725610976217	535.0573706034679	42.920089689718225	0
616, 9393.869570715902	553.786815415675	-88.85604026031433	0
617, 9242.970598342372	526.1704823102589	-150.89897237353034	0
618, 9198.24484268694	537.400409189345	-44.725755655432295	0
619, 9217.98060816256	528.1040956077088	19.7357654756197	0
620, 9212.457416342353	504.67206499386793	-5.523191820206193	0
621, 9133.29359797422	493.64797722876887	-79.16381836813343	0
622, 8924.213944775927	515.5835185550807	-209.07965319829236	0
623, 8850.264247239691	511.25843544763075	-73.94969753623627	0
624, 8760.318267529012	515.0157004925422	-89.94597971067924	0
625, 8648.197900082567	499.52550261103323	-112.12036744644502	0
626, 8665.678970983612	506.39394490127194	17.481070901045314	0
627, 8522.17888827349	497.9610254471082	-143.5000827101212	0
628, 8597.213584225445	496.0403693942156	75.03469595195384	0
629, 8281.331392188906	497.19117595318266	-315.882192036539	0
630, 8318.42618119244	452.34205938279786	37.09478900353497	0
631, 8109.263056709068	468.88114402846276	-209.16312448337248	0
632, 8105.080263855366	471.35914961733835	-4.182792853702267	0
633, 7963.772462969875	473.7102226315557	-141.3078008854909	0
634, 7994.374538938695	480.37499205837804	30.602075968819918	0
635, 7794.0691666782695	443.51119061459787	-200.30537226042543	0
636, 7717.3700116551945	441.3491196980464	-76.69915502307504	0
637, 7549.0283590835425	442.41973191959465	-168.34165257165205	0
638, 7600.978318122976	441.4544602222266	51.94995903943345	0
639, 7464.083098924363	491.09731032622074	-136.89521919861272	0
640, 7345.602831474281	436.30722077196657	-118.48026745008247	0
641, 7371.08917500115	388.54039668698533	25.48634352686895	0
642, 7255.144337440175	409.5131635452531	-115.94483756097452	0
643, 7233.672855723308	413.8107421629763	-21.471481716866947	0
644, 7119.028128429262	429.9078379546484	-114.64472729404588	0
645, 7135.768773446532	433.9584980330988	16.740645017269344	0
646, 7115.855164611608	411.69318263375516	-19.913608834923252	0
647, 6986.5122143005065	432.241171093444	-129.34295031110196	0
648, 6944.3019179993935	388.4127477343886	-42.210296301112976	0
649, 6890.305505111636	399.5509939434929	-53.99641288775729	0
650, 6859.710900155126	376.3356075219666	-30.59460495651001	0
651, 6890.922147648398	425.301301585916	31.211247493271912	0
652, 6829.434058081226	393.7671910141181	-61.48808956717221	0
653, 6822.754525798316	410.4939902976904	-6.679532282910259	0
654, 6796.169818372197	404.5926106003369	-26.584707426118257	0
655, 6709.5369659341895	412.1965128267087	-86.63285243800783	0
656, 6780.362751067417	371.85841973258204	70.82578513322733	0
657, 6823.318062910993	425.6163017432146	42.955311843576055	0
658, 6858.506865066756	358.73625445185627	35.18880215576337	0
659, 6844.59932512594	376.5874787906817	-13.907539940816605	0
660, 6825.8439742237615	424.2998797882228	-18.75535090217818	0
661, 6847.841311027056	424.68538052477305	21.997336803294274	0
662, 6972.014102966289	426.774376042802	124.17279193923332	0
663, 6978.539682400006	398.9991104845598	6.525579433717212	0
664, 7024.54290874556	374.00233340040324	46.00322634555414	0
665, 7023.736734017586	418.19179901988815	-0.806174727974394	0
666, 7179.69379151191	435.86809124264687	155.95705749432364	0
667, 7276.160908360752	455.7882273055624	96.46711684884212	0
668, 7297.337162827125	434.8585579311926	21.176254466373393	0
669, 7443.910588676263	448.7204341995582	146.5734258491375	0
670, 7448.6513679588725	443.19477944837286	4.740779282609765	0
671, 7503.21547661415	410.00036522142165	54.56410865527778	0
672, 7671.725863227476	429.6713553570793	168.51038661332586	0
673, 7742.089841795925	431.18407342395807	70.36397856844906	0
674, 7870.910729271672	450.56453548525604	128.82088747574653	0
675, 7925.457229051596	473.5535566904331	54.54649977992449	0
676, 8023.82576623412	477.9335676536688	98.36853718252405	0
677, 8000.237385160143	460.6222768046259	-23.58838107397696	0
678, 8235.01092768975	474.64456258050154	234.77354252960595	0
679, 8172.820077045564	491.9033378462039	-62.19085064418505	0
680, 8178.473898781373	439.1033315108324	5.653821735808378	0
681, 8171.011478209726	434.6196273899221	-7.462420571646362	0
682, 8406.329004322604	489.7678468819319	235.3175261128781	0
683, 8408.526186605479	470.0404971587892	2.1971822828745644	0
684, 8346.7831964619	495.79549430257623	-61.742990143578936	0
685, 8210.979009379327	433.8003673504013	-135.80418708257275	0
686, 8244.528480561756	502.4320528206355	33.54947118242853	0
687, 8271.480666591746	481.3697688956168	26.952186029990116	0
688, 8273.035964774208	504.82718870570085	1.5552981824621384	0
689, 8197.180521492453	502.2771155986588	-75.85544328175456	0
690, 8167.79255255511	439.6763581217457	-29.38796893734343	0
691, 8154.98557377047	500.3763694682821	-12.806978784639796	0
692, 8146.237486891623	511.55086905806075	-8.748086878847062	0
693, 8019.235168802956	454.2126802157241	-127.00231808866738	0
694, 7984.948090689712	485.0939636012305	-34.2870781132433	0
695, 7964.0591141930545	422.9552531952823	-20.88897649665796	0
696, 7859.733896261793	421.1115106788044	-104.32521793126125	0
697, 7908.107050159805	453.59527096888064	48.37315389801188	0
698, 7832.969762640985	465.8519614379607	-75.1372875188199	0
699, 7799.190320309881	447.9589294577107	-33.77944233110429	0
700, 7708.6900655005675	432.61214181895105	-90.50025480931345	0
701, 7745.986946816332	423.3801210251904	37.29688131576495	0
702, 7657.195184074449	416.8899541114609	-88.79176274188376	0
703, 7646.840654518274	401.39248240153813	-10.354529556174384	0
704, 7642.020807396521	416.30905962343684	-4.8198471217529	0
705, 7539.092966438765	488.99372937630136	-102.92784095775642	0
706, 7677.0387414219385	480.0555334515349	137.94577498317358	0
707, 7638.483212875892	403.8459499767459	-38.555528546046844	0
708, 7585.2209240660595	430.0079214505215	-53.26228880983217	0
709, 7683.737400715841	451.6614741667399	98.51647664978191	0
710, 7658.040889845234	455.8999087689252	-25.6965108706072	0
711, 7715.88611823929	437.32025959354337	57.845228394055994	0
712, 7801.804424026232	478.5098753720264	85.91830578694135	0
713, 7848.086695712452	434.9069952982321	46.282271686220156	0
714, 7946.158413526944	445.7839626954307	98.07171781449233	0
715, 8091.524365144662	487.28193638207875	145.36595161771766	0
716, 8155.4958464847605	498.91256826536056	63.97148134009876	0
717, 8253.656406408356	490.28194133181313	98.16055992359543	0
718, 8325.029627834574	498.6698320789893	71.37322142621815	0
719, 8500.254205312865	470.106777284511	175.2245774782914	0
720, 8698.57352869088	486.12865610268256	198.31932337801481	0
721, 8813.26136218344	501.41999669321086	114.68783349256046	0
722, 8883.772334567755	497.0725898288319	70.5109723843143	0
723, 8925.389131640706	543.9768194952953	41.61679707295116	0
724, 9009.959104698799	506.7348061197934	84.56997305809273	0
725, 9049.472171569561	505.4730076260496	39.513066870762486	0
726, 9168.905054773946	489.4820611610056	119.43288320438478	0
727, 9270.595915936721	558.6979065834402	101.69086116277504	0
728, 9277.426388858721	513.7720531094908	6.830472921999899	0
729, 9224.148789155626	493.79832071542637	-53.27759970309489	0
730, 9077.342404712048	537.7404233152098	-146.80638444357828	0
731, 8926.673232270694	516.4993475479833	-150.66917244135402	0
732, 8889.702087902284	513.5023151018597	-36.97114436841002	0
733, 8910.820221957752	548.1455630874377	21.118134055468545	0
734, 8845.875379797028	531.6259467009285	-64.94484216072487	0
735, 8875.999152660152	472.1711521076649	30.12377286312403	0
736, 8867.391343103092	527.9270054682203	-8.607809557059227	0
737, 8607.08519238467	478.1601208907848	-260.30615071842294	0
738, 8441.214476665553	489.3335260092494	-165.87071571911656	0
739, 8334.695129353107	478.12831062825717	-106.51934731244546	0
740, 8258.164821609556	466.7772693396158	-76.53030774355102	0
741, 8256.683863805894	497.1304607519419	-1.4809578036620223	0
742, 8033.983655029789	420.1334026843828	-222.70020877610568	0
743, 7997.703740567431	491.2178176068143	-36.27991446235774	0
744, 7799.123431787213	467.39790076470257	-198.58030878021782	0
745, 7736.198379893063	452.3445958311031	-62.925051894149874	0
746, 7691.730268891186	427.47878695496905	-44.46811100187733	0
747, 7534.293369906427	428.35967152761657	-157.43689898475895	0
748, 7486.497763565231	447.7658651585634	-47.79560634119571	0
749, 7318.2512092649085	439.40970751253366	-168.2465543003227	0
750, 7306.369148956593	456.02357803477616	-11.882060308315886	0
751, 7279.302845426864	415.83129318782045	-27.06630352972843	0
752, 7094.720187426361	430.0858249593767	-184.58265800050322	0
753, 7091.297749950611	418.3162488403423	-3.4224374757495752	0
754, 7119.082592584933	451.6468442799007	27.78484263432165	0
755, 7133.45745680342	426.9158342255643	14.374864218487346	0
756, 6931.897312631952	402.9388017697866	-201.56014417146798	0
757, 6921.205661503931	394.4832431586391	-10.691651128021476	0
758, 6884.036032865552	416.65414145208655	-37.169628638378526	0
759, 6840.058429588826	423.31910517333097	-43.97760327672677	0
760, 7056.949688898045	411.1562025653927	216.8912593092191	0
761, 6995.786545555766	425.0278306594697	-61.163143342279	0
762, 6990.53414840863	426.19704353917393	-5.252397147135525	0
763, 6990.517161007551	401.5152824758185	-0.016987401078949915	0
764, 6936.643296916448	379.7088232299232	-53.873864091103314	0
765, 6950.387581621586	411.6404106685734	13.744284705137943	0
766, 7073.282913251237	400.15913758026926	122.89533162965108	0
767, 7120.986864974093	415.7725619284498	47.70395172285589	0
768, 7123.478549614924	437.0010198063426	2.4916846408314086	0
769, 7195.492806885187	422.7094822044778	72.01425727026253	0
770, 7282.227263389877	478.1490398273817	86.73445650469057	0
771, 7323.170655157816	416.8233349564829	40.94339176793892	0
772, 7448.29633746097	464.7678661213227	125.12568230315355	0
773, 7460.776541378202	407.9479034239113	12.480203917231847	0
774, 7572.6865441800965	440.2579221256212	111.91000280189473	0
775, 7656.97956432889	455.2124677193006	84.2930201487934	0
776, 7674.044749671591	413.55389154318027	17.065185342700715	0
777, 7930.198482493363	452.9539882423394	256.1537328217728	0
778, 7948.980041870319	474.11329315090467	18.781559376955556	0
779, 7921.630046587907	447.96724101443687	-27.349995282412237	0
780, 7985.596240090219	452.7706130416973	63.96619350231231	0
781, 7908.8622886739195	488.7513629700238	-76.73395141629953	0
782, 7836.878777802982	449.88338059256824	-71.98351087093761	0
783, 7877.503125295404	441.43555361302674	40.6243474924222	0
784, 7887.794811412635	446.48367134980464	10.29168611723071	0
785, 7849.6735450274955	420.47589821932263	-38.12126638513928	0
786, 7825.905662242933	457.5517598847881	-23.76788278456206	0
787, 7858.374010080743	439.32341357668474	32.46834783780923	0
788, 7909.011789452141	468.69138322275415	50.63777937139821	0
789, 7897.3474676093965	475.58734022533673	-11.664321842744357	0
790, 7935.909669083498	422.7797087224937	38.56220147410113	0
791, 7925.478567704816	486.2957723807662	-10.431101378681888	0
792, 7856.53683237971	464.25360541767594	-68.94173532510558	0
793, 7604.639228683907	459.6945942195799	-251.8976036958029	0
794, 7516.361531806413	424.23316903114534	-88.27769687749424	0
795, 7650.939737494673	415.23267922681345	134.5782056882599	0
796, 7603.678305108736	465.57814568526254	-47.26143238593704	0
797, 7520.081489118581	429.0075878694736	-83.59681599015494	0
798, 7378.084482967418	415.82024149421073	-141.99700615116308	0
799, 7385.555965533155	426.7273538870277	7.47148256573746	0
800, 7362.595140430935	403.80980871428056	-22.960825102220042	0
801, 7340.217094671574	426.0537137396389	-22.378045759361157	0
802, 7288.236936057463	426.6630129503163	-51.98015861411113	0
803, 7340.1624474795135	412.61766199097707	51.92551142205048	0
804, 7303.859730647573	387.02371542282066	-36.302716831940415	0
805, 7301.626933112633	437.57227881050426	-2.232797534939891	0
806, 7121.461293835393	383.1226073269392	-180.1656392772402	0
807, 7080.03915542342	427.1691735852801	-41.42213841197281	0
808, 7291.2394078703755	443.1533407052094	211.20025244695535	0
809, 7294.098633823546	411.5782581744904	2.8592259531706077	0
810, 7326.138582018078	407.8535029228157	32.03994819453146	0
811, 7278.079100669467	404.9626541456454	-48.05948134861046	0
812, 7280.052405902876	423.35673338239565	1.9733052334086096	0
813, 7205.150057523527	467.46555668021296	-74.90234837934895	0
814, 7193.3058358999215	394.92219451919857	-11.844221623605335	0
815, 7200.131282110385	421.1145700481001	6.825446210463269	0
816, 7213.350145735064	433.1013425455389	13.218863624679216	0
817, 7327.454490765425	419.9579352510334	114.1043450303614	0
818, 7467.396112900906	395.5414251844477	139.94162213548043	0
819, 7433.618785053708	457.25901149028715	-33.77732784719774	0
820, 7431.59533663775	454.2177915426128	-2.023448415958228	0
821, 7431.012002333504	455.0499986077038	-0.5833343042459092	0
822, 7668.278070117163	415.2321182376555	237.2660677836593	0
823, 7674.341983197175	434.974150372582	6.063913080011844	0
824, 7599.938910379724	425.6180291005845	-74.40307281745118	0
825, 7598.726577788494	470.96629485193455	-1.2123325912298242	0
826, 7613.568870254835	424.863161281976	14.84229246634095	0
827, 7602.785131763514	455.089516035063	-10.783738491320946	0
828, 7530.113698656097	441.4829456822718	-72.67143310741722	0
829, 7542.610353422295	412.13711063834694	12.496654766197935	0
830, 7666.2261577546105	446.16472882501176	123.61580433231575	0
831, 7738.475324372901	438.92832225449416	72.24916661829047	0
832, 7701.275210666474	428.0184322580343	-37.200113706427146	0
833, 7625.481954615684	433.5788268820953	-75.79325605078975	0
834, 7590.281473226411	456.46831550679315	-35.20048138927268	0
835, 7532.968900861528	407.91446717727695	-57.312572364883636	0
836, 7415.737139793797	423.85826127017737	-117.23176106773099	0
837, 7425.833945117854	437.10457135598364	10.096805324056731	0
838, 7437.375674071346	393.0859325841129	11.541728953492566	0
839, 7351.888355842933	417.2412111097479	-85.48731822841273	0
840, 7340.8553829489165	444.9789383391348	-11.032972894016893	0
841, 7297.7605109677	393.50192741615564	-43.094871981216784	0
842, 7343.264450009232	412.0129955496804	45.50393904153225	0
843, 7485.568344417894	464.4638959778001	142.30389440866202	0
844, 7633.736212525989	452.99152666574736	148.1678681080948	0
845, 7633.9479633296005	447.83424568227736	0.2117508036117215	0
846, 7663.3929687356995	457.9463773683139	29.44500540609897	0
847, 7739.95442837304	432.50149427495467	76.5614596373407	0
848, 7746.73846619736	456.5858369660246	6.784037824319967	0
849, 7818.127951372739	452.7545501889455	71.38948517537847	0
850, 7922.182834444437	474.4833118514646	104.05488307169799	0
851, 7937.153548401838	476.80963712155244	14.97071395740113	0
852, 8019.952592257886	490.95840868384425	82.79904385604823	0
853, 8020.750170207921	466.2686506891054	0.7975779500347926	0
854, 8036.277810048177	438.45904271471846	15.527639840256597	0
855, 8105.453623248329	448.09073962904256	69.17581320015142	0
856, 8052.70653911508	434.8660692288147	-52.74708413324879	0
857, 7830.47206343089	429.8654414757054	-222.23447568419033	0
858, 7906.39522173302	463.3809886152158	75.9231583021301	0
859, 7915.36434015815	475.3724683332845	8.969118425130546	0
860, 7917.629512300635	473.8675391088913	2.2651721424845164	0
861, 7688.58083392254	426.60535455601877	-229.04867837809525	0
862, 7654.806338932005	490.68897061561574	-33.77449499053455	0
863, 7641.342995019368	446.184530418454	-13.463343912637356	0
864, 7628.228721879563	465.00566471339386	-13.114273139804936	0
865, 7660.46557785123	433.3966730058489	32.236855971666955	0
866, 7391.962079540191	432.64756816677414	-268.50349831103904	0
867, 7492.991289388988	456.1412009027186	101.02920984879711	0
868, 7470.008935902191	416.40633091659794	-22.982353486796455	0
869, 7471.287144793946	437.9106572879723	1.2782088917547298	0
870, 7492.740618661092	426.7671584954845	21.453473867146386	0
871, 7453.150369746336	478.21349870767835	-39.59024891475656	0
872, 7483.865010021271	457.0358672481491	30.714640274934936	0
873, 7505.579139177773	435.62987082640365	21.714129156502167	0
874, 7477.106422866951	427.1166706738109	-28.472716310821852	0
875, 7507.252138163534	460.5520154982682	30.14571529658315	0
876, 7273.157380306908	404.81120993209305	-234.09475785662653	0
877, 7295.698296744565	421.7614351469677	22.54091643765696	0
878, 7374.349543632438	442.4758322270254	78.65124688787364	0
879, 7560.160449634778	458.7244172905766	185.81090600233983	0
880, 7610.519426537277	438.10488237453524	50.3589769024984	0
881, 7520.745699424525	444.35389700960144	-89.77372711275166	0
882, 7553.798356524879	429.4609233645075	33.05265710035383	0
883, 7394.7763402604905	412.0264489805873	-159.02201626438818	0
884, 7363.8923831919665	454.3346002051036	-30.88395706852407	0
885, 7350.022884042516	438.49670793230774	-13.869499149450348	0
886, 7560.351402164403	446.00444281953554	210.3285181218871	0
887, 7611.275800572365	436.83229409501496	50.924398407962144	0
888, 7505.790059287655	381.3110446128812	-105.48574128471046	0
889, 7360.576315801138	415.649928449367	-145.21374348651716	0
890, 7346.946175361563	440.34401915128666	-13.630140439574461	0
891, 7460.948196295232	390.2694289952958	114.00202093366897	0
892, 7373.050443262151	450.67862460513845	-87.89775303308124	0
893, 7638.067031169721	451.30957729096264	265.0165879075703	0
894, 7536.939825175322	451.0906018643379	-101.12720599439945	0
895, 7428.475075580291	429.8383398277118	-108.46474959503121	0
896, 7407.776086009031	452.5441701976863	-20.698989571259517	0
897, 7439.436467534166	410.6738732310083	31.660381525134653	0
898, 7441.025305082935	436.71992699022064	1.5888375487693338	0
899, 7440.6275550249175	433.81765542907027	-0.39775005801766383	0
900, 7454.251170172471	456.2290635644338	13.62361514755321	0
901, 7441.8409388165255	419.1357947343099	-12.410231355945143	0
902, 7377.156622369381	419.7625446338634	-64.68431644714474	0
903, 7388.748840777869	414.988644118216	11.592218408488407	0
904, 7390.364541222708	420.9219477428966	1.6157004448386942	0
905, 7429.409172561702	444.9975936012334	39.044631338993895	0
906, 7529.85442606771	456.8988311830328	100.44525350600816	0
907, 7504.530108316035	433.9558097469966	-25.324317751675153	0
908, 7482.7207088765335	443.31042468436084	-21.80939943950125	0
909, 7464.195602258261	442.91369113378556	-18.52510661827273	0
910, 7469.569039165797	441.8597437496539	5.373436907536416	0
911, 7485.132589388364	406.5440199400863	15.563550222566846	0
912, 7465.941400687463	440.1911647378326	-19.191188700900966	0
913, 7502.538954364025	454.4301138237301	36.5975536765618	0
914, 7477.733090718412	412.811889854678	-24.80586364561259	0
915, 7533.137353374536	413.79984567600917	55.40426265612405	0
916, 7531.586116891239	372.7473294272645	-1.5512364832975436	0
917, 7569.157163802723	428.5805524297854	37.57104691148379	0
918, 7601.858338417517	439.9262027150873	32.70117461479458	0
919, 7546.896625692357	431.03856558258167	-54.961712725160396	0
920, 7552.76771491517	442.4417080403853	5.8710892228127705	0
921, 7532.390918638969	439.16407485984945	-20.376796276200366	0
922, 7561.841714281521	424.8665527444038	29.450795642551384	0
923, 7596.067839186292	408.7858378157776	34.226124904771495	0
924, 7665.29557108056	461.3984951476496	69.22773189426789	0
925, 7625.483549781692	445.7030085399093	-39.812021298867876	0
926, 7589.174821103483	414.20721193500583	-36.30872867820926	0
927, 7612.949587527634	454.645715242327	23.774766424151494	0
928, 7696.169662026589	450.81491826642537	83.220074498955	0
929, 7684.968954636853	416.4650686073822	-11.200707389736635	0
930, 7701.252345064186	447.42894658416867	16.28339042733296	0
931, 7651.128023335984	458.13518949251204	-50.12432172820172	0
932, 7605.098785793042	460.5827210788908	-46.0292375429417	0
933, 7490.930770469501	446.0448009924957	-114.16801532354111	0
934, 7536.782468216376	431.251010429369	45.85169774687529	0
935, 7569.783971276357	438.1998259416055	33.00150305998068	0
936, 7645.669272739815	448.5979831535534	75.88530146345784	0
937, 7669.017876846383	401.27054497840555	23.34860410656802	0
938, 7597.060274961667	452.5946849606256	-71.95760188471559	0
939, 7620.4046295559165	462.6147745492899	23.344354594249126	0
940, 7661.621727169657	452.6339008165943	41.21709761374041	0
941, 7595.707594389398	473.6622846020632	-65.91413278025902	0
942, 7576.846179264572	422.7611401323933	-18.861415124825726	0
943, 7579.059558678644	469.7806127867926	2.2133794140718237	0
944, 7578.980564312273	468.3915340498932	-0.078994366371262	0
945, 7624.005727427575	471.14905534003486	45.02516311530235	0
946, 7678.41147403975	473.8224003776915	54.40574661217488	0
947, 7660.633987086268	440.0113140040365	-17.777486953482367	0
948, 7582.508011225521	411.4233175266129	-78.12597586074662	0
949, 7636.51560546673	464.6707683951542	54.00759424120952	0
950, 7686.742973329409	448.58170884071336	50.227367862678875	0
951, 7660.209027770527	435.95827073428154	-26.533945558881896	0
952, 7693.297804825402	457.29737245077547	33.0887770548743	0
953, 7692.820539634242	483.83269929746615	-0.47726519115985866	0
954, 7699.13079416634	469.308949688592	6.3102545320980425	0
955, 7736.904634444853	394.1902807951233	37.77384027851349	0
