1, 6319.448994890506	0	6319.448994890506	0
2, 6363.828330960119	0	44.3793360696136	0
3, 6450.064055383787	0	86.2357244236673	0
4, 6616.3461721105	0	166.28211672671387	0
5, 6791.41683083837	0	175.07065872786916	0
6, 7001.968848224208	0	210.55201738583855	0
7, 7296.562367118413	0	294.59351889420486	0
8, 7611.397638649414	0	314.8352715310011	0
9, 7884.1960496539905	0	272.79841100457634	0
10, 8155.104633871536	0	270.90858421754547	0
11, 8373.137607045352	0	218.03297317381566	0
12, 8660.948262078875	0	287.8106550335233	0
13, 8930.295258145501	0	269.34699606662616	0
14, 9357.154827169052	0	426.85956902355065	0
15, 9458.802929503821	0	101.64810233476965	0
16, 9760.034759917726	0	301.2318304139044	0
17, 9889.86501144866	0	129.83025153093513	0
18, 9909.7290035252	0	19.863992076539944	0
19, 10439.918908309943	0	530.1899047847419	0
20, 10417.161631602896	0	-22.757276707046913	0
21, 10372.449753070308	0	-44.711878532587434	0
22, 10428.17895700687	0	55.729203936562044	0
23, 10385.52594695251	0	-42.65301005436049	0
24, 10439.460298813467	0	53.93435186095667	0
25, 10425.882818629898	0	-13.577480183568696	0
26, 10102.15854501376	0	-323.724273616137	0
27, 9944.825764467734	0	-157.3327805460267	0
28, 9914.20649255729	0	-30.619271910443786	0
29, 9858.163130445815	0	-56.04336211147529	0
30, 9578.973952344755	0	-279.18917810105995	0
31, 9482.329373702498	0	-96.64457864225733	0
32, 9093.589051184497	0	-388.74032251800054	0
33, 9122.046044456169	0	28.45699327167131	0
34, 8762.462332812016	0	-359.5837116441526	0
35, 8786.928716089533	0	24.466383277516798	0
36, 8541.335059724874	0	-245.59365636465918	0
37, 8306.875779504204	0	-234.45928022066983	0
38, 8175.387642512714	0	-131.48813699149014	0
39, 7917.782123341193	0	-257.6055191715204	0
40, 7799.264818172392	0	-118.51730516880161	0
41, 7715.335165345632	0	-83.9296528267596	0
42, 7600.981613475592	0	-114.35355187004006	0
43, 7597.7011104978255	0	-3.280502977766446	0
44, 7380.298504916607	0	-217.40260558121827	0
45, 7319.728862514076	0	-60.56964240253092	0
46, 7313.724913315152	0	-6.003949198924602	0
47, 7157.588711146095	0	-156.13620216905656	0
48, 7137.270925441843	0	-20.317785704251946	0
49, 7106.249797671937	0	-31.021127769906343	0
50, 7058.10521591379	0	-48.14458175814707	0
51, 7173.997650581595	0	115.89243466780499	0
52, 7350.046004252917	0	176.04835367132182	0
53, 7359.043246256611	0	8.997242003694737	0
54, 7200.168971863541	0	-158.87427439307066	0
55, 7321.760736947895	0	121.59176508435394	0
56, 7277.514230044014	0	-44.2465069038808	0
57, 7339.195070531032	0	61.68084048701803	0
58, 7318.387524632902	0	-20.80754589813023	0
59, 7305.036708216334	0	-13.350816416567795	0
60, 7281.146341845282	0	-23.89036637105164	0
61, 7463.099090199255	0	181.95274835397322	0
62, 7488.487592830947	0	25.388502631691154	0
63, 7480.992101455783	0	-7.49549137516351	0
64, 7507.907280079017	0	26.91517862323417	0
65, 7471.835519400672	0	-36.07176067834553	0
66, 7472.388649401631	0	0.5531300009588449	0
67, 7558.146999623465	0	85.75835022183401	0
68, 7737.068009635719	0	178.92101001225456	0
69, 7716.151175625983	0	-20.916834009735794	0
70, 7462.120115977526	0	-254.0310596484569	0
71, 7410.343651559667	0	-51.77646441785964	0
72, 7706.113757923537	0	295.7701063638706	0
73, 7668.318796590078	0	-37.79496133345947	0
74, 7677.72416196642	0	9.40536537634216	0
75, 7621.963789970736	0	-55.76037199568418	0
76, 7383.603869376346	0	-238.35992059439013	0
77, 7472.8638768536175	0	89.26000747727176	0
78, 7596.630229307369	0	123.7663524537511	0
79, 7510.38464161519	0	-86.24558769217856	0
80, 7279.861803773719	0	-230.5228378414713	0
81, 7256.518895243354	0	-23.342908530365094	0
82, 7539.298185662112	0	282.77929041875814	0
83, 7491.545188909428	0	-47.75299675268343	0
84, 7474.840794209817	0	-16.70439469961093	0
85, 7424.185026475676	0	-50.65576773414159	0
86, 7421.397316647969	0	-2.787709827706749	0
87, 7349.842297043525	0	-71.55501960444417	0
88, 7584.863313475294	0	235.02101643176866	0
89, 7526.069021956794	0	-58.79429151849945	0
90, 7584.301444491685	0	58.23242253489116	0
91, 7502.980223997315	0	-81.32122049437021	0
92, 7436.9457903068405	0	-66.03443369047454	0
93, 7444.1034973189235	0	7.157707012082938	0
94, 7558.17073588338	0	114.0672385644566	0
95, 7555.319418854126	0	-2.85131702925446	0
96, 7538.630431116047	0	-16.68898773807905	0
97, 7624.967466134774	0	86.33703501872787	0
98, 7509.341782498342	0	-115.62568363643277	0
99, 7600.146827783703	0	90.8050452853613	0
100, 7770.362555858801	0	170.215728075098	0
101, 7820.914056861993	0	50.55150100319224	0
102, 7680.203055812275	0	-140.7110010497181	0
103, 7734.7771697071785	0	54.57411389490335	0
104, 7728.629133124462	0	-6.148036582716486	0
105, 7844.426177428864	0	115.79704430440233	0
106, 7850.873826112253	0	6.447648683388252	0
107, 7784.41252267519	0	-66.46130343706227	0
108, 7651.642610526477	0	-132.76991214871305	0
109, 7699.587591013978	0	47.9449804875012	0
110, 7667.354806796161	0	-32.232784217817425	0
111, 7528.364422311033	0	-138.99038448512783	0
112, 7465.698450382783	0	-62.665971928249746	0
113, 7552.143286919508	0	86.44483653672432	0
114, 7532.35008880391	0	-19.79319811559799	0
115, 7572.212893038042	0	39.862804234132454	0
116, 7651.884917906898	0	79.67202486885617	0
117, 7515.288212335161	0	-136.5967055717374	0
118, 7389.618634760814	0	-125.66957757434739	0
119, 7419.670002236457	0	30.05136747564302	0
120, 7446.87834739699	0	27.2083451605331	0
121, 7409.108640961792	0	-37.769706435197804	0
122, 7436.220947710724	0	27.112306748932497	0
123, 7464.576853530943	0	28.35590582021814	0
124, 7487.326495343236	0	22.749641812293703	0
125, 7460.334737706001	0	-26.991757637235423	0
126, 7453.244886920435	0	-7.089850785565432	0
127, 7275.044398236413	0	-178.20048868402228	0
128, 7319.576677917542	0	44.532279681128784	0
129, 7486.322600109919	0	166.7459221923773	0
130, 7522.910359078504	0	36.58775896858515	0
131, 7294.588262708302	0	-228.32209637020242	0
132, 7372.601063971181	0	78.0128012628793	0
133, 7282.506502814082	0	-90.09456115709963	0
134, 7327.46902930535	0	44.96252649126836	0
135, 7305.525287421943	0	-21.9437418834068	0
136, 7312.642524107987	0	7.117236686043725	0
137, 7455.619425611996	0	142.97690150400922	0
138, 7503.480173792274	0	47.86074818027828	0
139, 7545.619617163824	0	42.13944337154953	0
140, 7468.984139353409	0	-76.63547781041507	0
141, 7343.501303825741	0	-125.4828355276677	0
142, 7401.387637622706	0	57.88633379696512	0
143, 7515.510650897767	0	114.12301327506066	0
144, 7570.179367805004	0	54.66871690723747	0
145, 7620.491506551117	0	50.312138746112396	0
146, 7324.570658973694	0	-295.92084757742305	0
147, 7311.979306791303	0	-12.591352182390438	0
148, 7364.805177693694	0	52.82587090239031	0
149, 7616.719123636605	0	251.9139459429116	0
150, 7608.901800137019	0	-7.817323499586564	0
151, 7363.928827175375	0	-244.9729729616438	0
152, 7379.202027557712	0	15.273200382337563	0
153, 7337.3788671373295	0	-41.82316042038292	0
154, 7456.61899813026	0	119.24013099293006	0
155, 7633.029866848891	0	176.41086871863172	0
156, 7550.9416100680355	0	-82.08825678085577	0
157, 7397.333033657213	0	-153.60857641082293	0
158, 7529.012957337948	0	131.67992368073556	0
159, 7597.291116267955	0	68.27815893000661	0
160, 7633.93144980348	0	36.640333535525315	0
161, 7464.351764218644	0	-169.57968558483572	0
162, 7412.1684075710355	0	-52.18335664760889	0
163, 7466.850909299405	0	54.68250172836997	0
164, 7644.300002592069	0	177.44909329266375	0
165, 7662.291974088838	0	17.99197149676911	0
166, 7421.375989044199	0	-240.91598504463946	0
167, 7368.325208741667	0	-53.050780302532075	0
168, 7432.390033116911	0	64.06482437524392	0
169, 7587.850281884098	0	155.4602487671873	0
170, 7452.371335494336	0	-135.4789463897623	0
171, 7499.007362785625	0	46.63602729128979	0
172, 7547.96831535673	0	48.960952571104826	0
173, 7497.863333567641	0	-50.104981789088924	0
174, 7522.762699357722	0	24.899365790080992	0
175, 7524.440710666047	0	1.6780113083250399	0
176, 7549.298083365141	0	24.857372699093503	0
177, 7556.065710183737	0	6.767626818596	0
178, 7468.171755281445	0	-87.89395490229163	0
179, 7503.0016274904365	0	34.82987220899122	0
180, 7590.40408398808	0	87.40245649764347	0
181, 7359.009837060956	0	-231.3942469271242	0
182, 7357.248549941392	0	-1.7612871195633488	0
183, 7390.270982407477	0	33.022432466084865	0
184, 7367.315613731036	0	-22.95536867644114	0
185, 7319.466927540507	0	-47.848686190529406	0
186, 7336.15336310725	0	16.686435566743057	0
187, 7459.2886769449515	0	123.13531383770169	0
188, 7589.562344763441	0	130.27366781848923	0
189, 7484.249626776304	0	-105.31271798713715	0
190, 7446.874985141555	0	-37.374641634748514	0
191, 7372.404373756997	0	-74.47061138455774	0
192, 7426.181566131785	0	53.777192374787774	0
193, 7578.464245385807	0	152.2826792540218	0
194, 7665.26341487885	0	86.79916949304334	0
195, 7545.210437548076	0	-120.05297733077441	0
196, 7509.412010711355	0	-35.798426836720864	0
197, 7546.481482180629	0	37.069471469274504	0
198, 7466.876051121374	0	-79.60543105925535	0
199, 7588.358388104435	0	121.48233698306103	0
200, 7547.996909482297	0	-40.36147862213784	0
201, 7577.907172030699	0	29.910262548401988	0
202, 7526.951297427009	0	-50.95587460369006	0
203, 7587.797484082993	0	60.84618665598373	0
204, 7615.864956371442	0	28.0674722884487	0
205, 7658.643057370306	0	42.77810099886483	0
206, 7544.084949027444	0	-114.5581083428624	0
207, 7479.212630553814	0	-64.87231847363	0
208, 7461.6762462350025	0	-17.536384318811542	0
209, 7576.393275205962	0	114.71702897095929	0
210, 7513.602082489462	0	-62.79119271649961	0
211, 7610.88664431489	0	97.28456182542777	0
212, 7588.530179513621	0	-22.356464801268885	0
213, 7613.39532862338	0	24.86514910975893	0
214, 7638.602803715085	0	25.20747509170542	0
215, 7587.013923001631	0	-51.58888071345427	0
216, 7489.781159766627	0	-97.23276323500431	0
217, 7619.270649349902	0	129.48948958327492	0
218, 7682.773729878571	0	63.50308052866967	0
219, 7661.188951483507	0	-21.58477839506486	0
220, 7590.4061530858735	0	-70.78279839763309	0
221, 7565.407693074553	0	-24.998460011320276	0
222, 7665.745939101967	0	100.33824602741424	0
223, 7767.814692255051	0	102.06875315308389	0
224, 7652.351820640166	0	-115.46287161488544	0
225, 7610.401826904739	0	-41.94999373542669	0
226, 7708.981167696371	0	98.5793407916317	0
227, 7743.846409720539	0	34.865242024167856	0
228, 7799.439991564802	0	55.5935818442631	0
229, 7732.563449551503	0	-66.8765420132986	0
230, 7778.834342779897	0	46.270893228394016	0
231, 7836.49802385085	0	57.66368107095241	0
232, 7852.276845116215	0	15.778821265364968	0
233, 7847.8392743273835	0	-4.437570788831181	0
234, 7873.980156224558	0	26.14088189717495	0
235, 7947.923378073813	0	73.94322184925477	0
236, 7917.636306150412	0	-30.287071923401527	0
237, 8011.866780680727	0	94.2304745303154	0
238, 8126.221357411523	0	114.354576730796	0
239, 8096.936295691914	0	-29.285061719609075	0
240, 8131.780295811996	0	34.844000120082455	0
241, 8287.48787130556	0	155.70757549356404	0
242, 8313.424170502052	0	25.936299196491746	0
243, 8386.49226668381	0	73.06809618175794	0
244, 8290.346426402019	0	-96.1458402817916	0
245, 8333.634716600585	0	43.288290198566756	0
246, 8444.465271445688	0	110.8305548451026	0
247, 8399.129295285782	0	-45.33597615990584	0
248, 8436.887357123043	0	37.758061837261266	0
249, 8329.15287133304	0	-107.73448579000251	0
250, 8304.901773534035	0	-24.251097799005947	0
251, 8323.844930770107	0	18.943157236071784	0
252, 8396.451319487764	0	72.60638871765696	0
253, 8302.8957894458	0	-93.55553004196372	0
254, 8124.2019890153815	0	-178.69380043041838	0
255, 8070.74824518243	0	-53.45374383295166	0
256, 8145.0856817056765	0	74.33743652324665	0
257, 7990.62929518383	0	-154.45638652184607	0
258, 7971.889207677903	0	-18.740087505927477	0
259, 7949.870797143062	0	-22.01841053484077	0
260, 7850.339980245361	0	-99.53081689770079	0
261, 7798.715664362299	0	-51.62431588306208	0
262, 7613.780436508971	0	-184.9352278533279	0
263, 7600.282980322637	0	-13.497456186334603	0
264, 7645.010890392414	0	44.727910069776954	0
265, 7478.6456052537615	0	-166.36528513865233	0
266, 7488.341582823736	0	9.695977569974275	0
267, 7461.843555963912	0	-26.498026859823767	0
268, 7354.654920096601	0	-107.18863586731095	0
269, 7306.0726989978575	0	-48.5822210987435	0
270, 7271.901237811325	0	-34.171461186532724	0
271, 7267.70577345805	0	-4.195464353274474	0
272, 7315.637101362457	0	47.93132790440632	0
273, 7258.870553970166	0	-56.766547392290704	0
274, 7339.556671902136	0	80.68611793197033	0
275, 7301.384486229951	0	-38.17218567218515	0
276, 7446.027322289505	0	144.6428360595537	0
277, 7409.076368332247	0	-36.95095395725821	0
278, 7499.639862164338	0	90.56349383209181	0
279, 7558.088368406964	0	58.448506242625626	0
280, 7562.782027120856	0	4.693658713891637	0
281, 7578.512748002106	0	15.730720881249908	0
282, 7682.314320197447	0	103.80157219534158	0
283, 7789.502105658773	0	107.1877854613258	0
284, 7731.245251334276	0	-58.256854324497	0
285, 7767.858817635835	0	36.61356630155933	0
286, 7732.728083413294	0	-35.13073422254092	0
287, 7712.70451866264	0	-20.02356475065426	0
288, 7710.2368184153365	0	-2.4677002473035827	0
289, 7543.0027264117725	0	-167.234092003564	0
290, 7524.375177652508	0	-18.627548759264755	0
291, 7530.613473008776	0	6.2382953562682815	0
292, 7556.3822977345035	0	25.768824725727427	0
293, 7517.684062398464	0	-38.69823533603903	0
294, 7413.150778384483	0	-104.53328401398176	0
295, 7425.191766335698	0	12.040987951215357	0
296, 7430.33363164141	0	5.14186530571169	0
297, 7403.7897943684575	0	-26.54383727295226	0
298, 7390.324280082748	0	-13.465514285709105	0
299, 7497.613181949124	0	107.28890186637545	0
300, 7476.9129220254135	0	-20.70025992371029	0
301, 7560.193303578281	0	83.28038155286777	0
302, 7524.431034719244	0	-35.76226885903725	0
303, 7513.86681287575	0	-10.564221843494124	0
304, 7518.777326627204	0	4.910513751454346	0
305, 7460.448537363774	0	-58.328789263429826	0
306, 7513.993681482262	0	53.54514411848777	0
307, 7445.633683070451	0	-68.35999841181092	0
308, 7439.409908562837	0	-6.2237745076145075	0
309, 7357.947168161922	0	-81.46274040091521	0
310, 7280.357215303519	0	-77.58995285840228	0
311, 7339.812341058348	0	59.45512575482826	0
312, 7330.366516059372	0	-9.445824998975695	0
313, 7280.731855016604	0	-49.63466104276813	0
314, 7249.827037671569	0	-30.904817345034644	0
315, 7298.9805072633635	0	49.15346959179442	0
316, 7263.337527392524	0	-35.642979870839554	0
317, 7191.432887311348	0	-71.90464008117578	0
318, 7228.342915991589	0	36.91002868024043	0
319, 7245.8261226975665	0	17.483206705977864	0
320, 7164.62239233082	0	-81.20373036674664	0
321, 7228.658263339631	0	64.03587100881123	0
322, 7236.129705968487	0	7.471442628855584	0
323, 7256.686833871824	0	20.55712790333746	0
324, 7437.589670422411	0	180.90283655058647	0
325, 7396.695735552464	0	-40.89393486994686	0
326, 7405.092084986591	0	8.396349434126932	0
327, 7398.166075973925	0	-6.926009012665418	0
328, 7376.934324007044	0	-21.231751966881347	0
329, 7460.347145106002	0	83.41282109895837	0
330, 7473.451437427471	0	13.104292321469075	0
331, 7509.051903008835	0	35.600465581364006	0
332, 7545.038932355502	0	35.98702934666653	0
333, 7418.8811384549035	0	-126.15779390059834	0
334, 7450.748268415397	0	31.867129960493912	0
335, 7514.683281476184	0	63.93501306078633	0
336, 7455.689244551041	0	-58.99403692514261	0
337, 7434.051711050596	0	-21.637533500444988	0
338, 7485.9970712516115	0	51.94536020101532	0
339, 7480.194297385226	0	-5.802773866385905	0
340, 7554.900120804235	0	74.705823419009	0
341, 7521.380781964485	0	-33.51933883974925	0
342, 7511.4104408039775	0	-9.970341160507814	0
343, 7451.532675932076	0	-59.87776487190149	0
344, 7524.622195079113	0	73.08951914703721	0
345, 7540.967055239009	0	16.34486015989569	0
346, 7547.799520279984	0	6.8324650409749665	0
347, 7626.173172860729	0	78.37365258074533	0
348, 7666.91382434593	0	40.74065148520094	0
349, 7609.764813224245	0	-57.14901112168536	0
350, 7638.23384893188	0	28.469035707635157	0
351, 7716.128081271332	0	77.89423233945217	0
352, 7688.12981217728	0	-27.998269094052375	0
353, 7693.448884061344	0	5.319071884064215	0
354, 7769.76431217505	0	76.31542811370582	0
355, 7770.51497500684	0	0.7506628317905779	0
356, 7803.9742332150445	0	33.45925820820412	0
357, 7866.841120436519	0	62.866887221474826	0
358, 7946.037969703505	0	79.19684926698574	0
359, 7969.763506492633	0	23.725536789127545	0
360, 7921.140277246844	0	-48.623229245788934	0
361, 8018.09132850654	0	96.95105125969621	0
362, 8038.050408657115	0	19.959080150575573	0
363, 8099.198116406758	0	61.147707749642905	0
364, 8109.1153636306235	0	9.91724722386516	0
365, 7996.421307016236	0	-112.69405661438759	0
366, 7942.869243719985	0	-53.55206329625071	0
367, 7992.91019272869	0	50.040949008704956	0
368, 8108.948624520827	0	116.03843179213709	0
369, 8033.817006515012	0	-75.13161800581565	0
370, 8052.342724785709	0	18.525718270697325	0
371, 8017.87937268224	0	-34.46335210346933	0
372, 7993.637487532015	0	-24.241885150224334	0
373, 7897.570566893232	0	-96.0669206387829	0
374, 7782.417459154199	0	-115.15310773903366	0
375, 7822.8968098931455	0	40.47935073894678	0
376, 7753.643967581336	0	-69.25284231180922	0
377, 7760.696690881885	0	7.052723300548678	0
378, 7694.625198080431	0	-66.07149280145404	0
379, 7776.560316082232	0	81.93511800180113	0
380, 7655.823453097535	0	-120.73686298469693	0
381, 7633.767770032345	0	-22.05568306519035	0
382, 7609.21564047817	0	-24.552129554174826	0
383, 7470.093068565276	0	-139.12257191289427	0
384, 7385.0416692578665	0	-85.05139930740916	0
385, 7425.3698448474615	0	40.32817558959505	0
386, 7274.37439788431	0	-150.99544696315115	0
387, 7108.963147310075	0	-165.41125057423505	0
388, 7211.559438396127	0	102.59629108605168	0
389, 7082.099597362771	0	-129.4598410333556	0
390, 7055.210927707678	0	-26.88866965509351	0
391, 7043.680194411964	0	-11.530733295713617	0
392, 7043.320278551161	0	-0.3599158608030848	0
393, 6947.352046692636	0	-95.96823185852554	0
394, 6988.434520398686	0	41.08247370605022	0
395, 6987.137047680111	0	-1.2974727185746815	0
396, 7006.223327138007	0	19.086279457896126	0
397, 6984.543822057713	0	-21.679505080293893	0
398, 6998.696730218622	0	14.152908160908737	0
399, 6996.605915063859	0	-2.090815154762822	0
400, 7046.397960649802	0	49.792045585943015	0
401, 7074.627752968381	0	28.229792318578802	0
402, 7088.105167710614	0	13.477414742233123	0
403, 6992.6821857417635	0	-95.42298196885076	0
404, 7066.944496594438	0	74.26231085267409	0
405, 7164.8533330725795	0	97.9088364781419	0
406, 7160.8576359145445	0	-3.995697158035	0
407, 7252.011696790551	0	91.15406087600604	0
408, 7216.623615305131	0	-35.38808148541921	0
409, 7279.297822840923	0	62.67420753579154	0
410, 7374.9770968565745	0	95.67927401565157	0
411, 7405.083343301219	0	30.106246444644967	0
412, 7418.051967765862	0	12.968624464642744	0
413, 7491.680600990441	0	73.62863322457906	0
414, 7498.296886166546	0	6.616285176104611	0
415, 7540.168736046378	0	41.87184987983255	0
416, 7513.592079699196	0	-26.576656347182507	0
417, 7439.134686408849	0	-74.45739329034677	0
418, 7510.933555697977	0	71.79886928912765	0
419, 7507.562767160295	0	-3.3707885376816193	0
420, 7512.035825458068	0	4.473058297772695	0
421, 7538.8506350321395	0	26.81480957407166	0
422, 7426.138607355762	0	-112.71202767637715	0
423, 7365.261138621881	0	-60.87746873388096	0
424, 7349.6390246948295	0	-15.622113927051942	0
425, 7310.716709728865	0	-38.92231496596469	0
426, 7298.015933567064	0	-12.700776161800604	0
427, 7298.948769866372	0	0.9328362993073824	0
428, 7306.222797700021	0	7.274027833649598	0
429, 7292.561158786062	0	-13.661638913958996	0
430, 7259.766628789661	0	-32.79452999640125	0
431, 7265.141154919439	0	5.374526129778133	0
432, 7264.342306542637	0	-0.7988483768021979	0
433, 7235.205784224705	0	-29.13652231793185	0
434, 7284.541583366467	0	49.335799141762436	0
435, 7360.2790909629375	0	75.7375075964701	0
436, 7433.731168051552	0	73.45207708861471	0
437, 7443.461436294135	0	9.730268242582497	0
438, 7441.367300818116	0	-2.0941354760188915	0
439, 7522.352909182144	0	80.98560836402794	0
440, 7641.616338141093	0	119.26342895894959	0
441, 7618.179200861492	0	-23.437137279601302	0
442, 7440.318795632157	0	-177.8604052293349	0
443, 7461.831079019488	0	21.51228338733108	0
444, 7580.965293106193	0	119.13421408670456	0
445, 7619.089433277255	0	38.12414017106221	0
446, 7438.769449009645	0	-180.31998426761038	0
447, 7444.38714423492	0	5.617695225275384	0
448, 7375.382175876347	0	-69.00496835857302	0
449, 7307.834111376876	0	-67.54806449947137	0
450, 7146.713015898721	0	-161.12109547815453	0
451, 7192.376245714619	0	45.663229815897466	0
452, 7135.3134679404875	0	-57.062777774131064	0
453, 6935.22272783218	0	-200.09074010830773	0
454, 6993.871606179375	0	58.64887834719502	0
455, 6955.178539292201	0	-38.6930668871737	0
456, 6992.338081904885	0	37.15954261268416	0
457, 7011.847034611817	0	19.508952706932178	0
458, 6978.423622214083	0	-33.423412397734864	0
459, 7013.088909520287	0	34.665287306204846	0
460, 7112.039663201537	0	98.95075368124981	0
461, 7115.252325461234	0	3.2126622596970265	0
462, 7144.129421571617	0	28.87709611038281	0
463, 7104.605150401307	0	-39.524271170310385	0
464, 7198.320539811905	0	93.71538941059862	0
465, 7256.143019576056	0	57.82247976415056	0
466, 7264.077402261016	0	7.934382684959928	0
467, 7258.982104262827	0	-5.095297998188471	0
468, 7394.230668620578	0	135.2485643577511	0
469, 7402.6839916183435	0	8.453322997765099	0
470, 7506.3805276685825	0	103.69653605023905	0
471, 7537.148623198402	0	30.76809552981922	0
472, 7517.896488109407	0	-19.25213508899469	0
473, 7600.652042289039	0	82.75555417963187	0
474, 7513.164159757057	0	-87.487882531982	0
475, 7610.362747994672	0	97.19858823761479	0
476, 7465.8170072527855	0	-144.54574074188622	0
477, 7507.1299066291795	0	41.31289937639394	0
478, 7376.760386101236	0	-130.36952052794368	0
479, 7453.900740750518	0	77.14035464928202	0
480, 7478.467156165746	0	24.56641541522822	0
481, 7372.862938805944	0	-105.60421735980162	0
482, 7317.912544654554	0	-54.950394151390356	0
483, 7151.531009878243	0	-166.38153477631113	0
484, 7250.594282678618	0	99.06327280037476	0
485, 7238.548440097519	0	-12.04584258109844	0
486, 7197.409927643375	0	-41.13851245414389	0
487, 7174.690240748835	0	-22.719686894540246	0
488, 7266.0606201887795	0	91.37037943994437	0
489, 7234.515243563622	0	-31.545376625157587	0
490, 7194.432473788243	0	-40.08276977537844	0
491, 7392.347126380071	0	197.9146525918277	0
492, 7414.244129552253	0	21.89700317218194	0
493, 7381.922286958921	0	-32.321842593331894	0
494, 7433.489875746219	0	51.56758878729761	0
495, 7259.5646570574145	0	-173.9252186888043	0
496, 7201.704251969023	0	-57.86040508839142	0
497, 7215.099400919983	0	13.395148950959992	0
498, 7116.978546044042	0	-98.1208548759414	0
499, 7054.9644810520695	0	-62.01406499197219	0
500, 7070.629540837046	0	15.66505978497662	0
501, 7112.070625974526	0	41.441085137479604	0
502, 7028.41334488094	0	-83.65728109358588	0
503, 6964.067261413526	0	-64.34608346741425	0
504, 6952.390113561717	0	-11.677147851808513	0
505, 6932.454046104669	0	-19.93606745704801	0
506, 7040.845357722103	0	108.39131161743353	0
507, 7097.704522255135	0	56.859164533032526	0
508, 7143.219924987734	0	45.515402732598886	0
509, 7106.786163044769	0	-36.43376194296525	0
510, 7087.279767248811	0	-19.50639579595736	0
511, 7247.776179802587	0	160.49641255377537	0
512, 7263.365369956201	0	15.589190153614254	0
513, 7334.439699575019	0	71.07432961881841	0
514, 7404.224623507427	0	69.78492393240776	0
515, 7414.68404236101	0	10.459418853582974	0
516, 7440.441722010682	0	25.757679649671445	0
517, 7455.212934200276	0	14.771212189594735	0
518, 7436.194307648317	0	-19.018626551959642	0
519, 7447.521225768419	0	11.326918120102164	0
520, 7578.099200979936	0	130.5779752115168	0
521, 7651.614599960503	0	73.51539898056762	0
522, 7639.051916091426	0	-12.562683869076864	0
523, 7603.386001859697	0	-35.6659142317294	0
524, 7545.755599147386	0	-57.63040271231057	0
525, 7627.609362595674	0	81.85376344828728	0
526, 7590.021358834552	0	-37.5880037611214	0
527, 7573.9853974686575	0	-16.035961365894764	0
528, 7604.456932195804	0	30.471534727146718	0
529, 7574.228201567573	0	-30.22873062823146	0
530, 7525.368035396004	0	-48.86016617156838	0
531, 7439.8137969749105	0	-85.55423842109394	0
532, 7417.565317947001	0	-22.248479027909525	0
533, 7371.689458357276	0	-45.87585958972522	0
534, 7453.220963149632	0	81.53150479235592	0
535, 7329.167536893873	0	-124.0534262557585	0
536, 7297.646089886692	0	-31.52144700718145	0
537, 7286.975991865663	0	-10.670098021028934	0
538, 7287.334259039903	0	0.35826717424060917	0
539, 7282.069763591241	0	-5.264495448662274	0
540, 7332.842847434516	0	50.773083843275344	0
541, 7364.119392942905	0	31.276545508388153	0
542, 7367.762790310315	0	3.6433973674102162	0
543, 7326.499426879916	0	-41.263363430398385	0
544, 7359.976298653202	0	33.47687177328589	0
545, 7356.952673806636	0	-3.0236248465662356	0
546, 7343.077361888846	0	-13.875311917789986	0
547, 7351.818295527349	0	8.74093363850261	0
548, 7330.892425480271	0	-20.925870047077296	0
549, 7466.2137200075995	0	135.32129452732806	0
550, 7429.77017749214	0	-36.44354251545974	0
551, 7545.323883022669	0	115.55370553052944	0
552, 7425.9658659274355	0	-119.35801709523366	0
553, 7527.033950506138	0	101.06808457870284	0
554, 7494.702967406677	0	-32.330983099461264	0
555, 7636.600467655894	0	141.89750024921705	0
556, 7686.56522197618	0	49.964754320285465	0
557, 7738.005806472182	0	51.440584496001975	0
558, 7694.432964375983	0	-43.572842096198656	0
559, 7517.13107986654	0	-177.30188450944297	0
560, 7570.838239350323	0	53.70715948378347	0
561, 7652.0402069717975	0	81.20196762147407	0
562, 7667.927075634747	0	15.886868662949382	0
563, 7571.500691750987	0	-96.42638388375963	0
564, 7514.928599577641	0	-56.57209217334639	0
565, 7532.1895988711385	0	17.26099929349766	0
566, 7561.238228994795	0	29.04863012365604	0
567, 7542.8119497419275	0	-18.42627925286706	0
568, 7557.590628285875	0	14.778678543947535	0
569, 7646.123142703776	0	88.53251441790053	0
570, 7647.273497082081	0	1.1503543783055648	0
571, 7580.532187556505	0	-66.74130952557607	0
572, 7481.805503386034	0	-98.72668417047134	0
573, 7534.535481447599	0	52.72997806156491	0
574, 7464.713589461804	0	-69.82189198579454	0
575, 7440.5036214445645	0	-24.20996801723959	0
576, 7536.304436612162	0	95.80081516759765	0
577, 7516.436366441113	0	-19.868070171049112	0
578, 7569.882634648022	0	53.446268206908826	0
579, 7579.999425187777	0	10.11679053975513	0
580, 7551.562231990432	0	-28.43719319734464	0
581, 7430.5278116130985	0	-121.03442037733384	0
582, 7387.351130119877	0	-43.17668149322162	0
583, 7456.6918529803415	0	69.34072286046467	0
584, 7481.698507144246	0	25.006654163904386	0
585, 7459.933487696009	0	-21.76501944823667	0
586, 7458.402462040155	0	-1.5310256558541369	0
587, 7454.7892404635295	0	-3.6132215766256195	0
588, 7484.405265276438	0	29.61602481290811	0
589, 7534.093948905224	0	49.68868362878675	0
590, 7554.000686395778	0	19.906737490553496	0
591, 7597.380441444483	0	43.37975504870519	0
592, 7526.094503717119	0	-71.2859377273644	0
593, 7471.669362267966	0	-54.42514144915276	0
594, 7531.469985111455	0	59.80062284348878	0
595, 7547.333391817996	0	15.863406706541355	0
596, 7539.711396240983	0	-7.621995577012967	0
597, 7540.523079070176	0	0.8116828291931597	0
598, 7506.3034888027705	0	-34.21959026740569	0
599, 7503.309186702896	0	-2.994302099874403	0
600, 7529.544455230504	0	26.23526852760824	0
601, 7596.037318701547	0	66.49286347104226	0
602, 7527.458064344848	0	-68.57925435669858	0
603, 7621.722040465379	0	94.26397612053097	0
604, 7598.3051425591775	0	-23.416897906201484	0
605, 7663.223796732541	0	64.9186541733634	0
606, 7574.029201929529	0	-89.19459480301157	0
607, 7653.111027020214	0	79.08182509068502	0
608, 7685.981927398097	0	32.87090037788221	0
609, 7716.755581260674	0	30.773653862577703	0
610, 7718.2872463602425	0	1.5316650995682721	0
611, 7802.003775914597	0	83.71652955435457	0
612, 7702.8956431659435	0	-99.10813274865359	0
613, 7770.669201149565	0	67.77355798362169	0
614, 7793.202606222011	0	22.53340507244593	0
615, 7859.819949643918	0	66.61734342190721	0
616, 7904.059328062272	0	44.239378418353226	0
617, 7941.529997676494	0	37.47066961422206	0
618, 7968.24748083467	0	26.717483158176037	0
619, 7982.93148178432	0	14.684000949649999	0
620, 8018.957551297173	0	36.02606951285361	0
621, 8113.062904579292	0	94.10535328211881	0
622, 8068.514804950334	0	-44.54809962895797	0
623, 8184.383972869885	0	115.86916791955082	0
624, 8105.3900163929075	0	-78.99395647697747	0
625, 8130.124285485725	0	24.734269092817158	0
626, 8199.050782689936	0	68.92649720421105	0
627, 8128.970848160239	0	-70.0799345296964	0
628, 8117.415644600485	0	-11.555203559753863	0
629, 8086.817203375161	0	-30.598441225324677	0
630, 8243.951279857874	0	157.13407648271368	0
631, 8219.072032038986	0	-24.87924781888796	0
632, 8340.224304058893	0	121.15227201990638	0
633, 8307.509599951683	0	-32.7147041072094	0
634, 8201.298739982738	0	-106.21085996894544	0
635, 8205.564808082474	0	4.266068099736003	0
636, 8229.38002071637	0	23.8152126338955	0
637, 8174.320450012489	0	-55.05957070388013	0
638, 8049.667890684087	0	-124.65255932840228	0
639, 8038.108991732384	0	-11.558898951702758	0
640, 7879.510486051064	0	-158.5985056813206	0
641, 7786.642900414138	0	-92.86758563692547	0
642, 7685.657250532532	0	-100.98564988160615	0
643, 7575.825977627545	0	-109.83127290498669	0
644, 7591.351649147875	0	15.525671520329524	0
645, 7514.593575192481	0	-76.75807395539414	0
646, 7357.916399232875	0	-156.67717595960585	0
647, 7314.295851255929	0	-43.620547976946	0
648, 7191.52620349837	0	-122.76964775755914	0
649, 7196.796409352293	0	5.270205853923471	0
650, 7094.6453261879915	0	-102.15108316430178	0
651, 7054.046465676935	0	-40.598860511056046	0
652, 7042.550108822089	0	-11.496356854846454	0
653, 6991.882801103116	0	-50.66730771897255	0
654, 6908.21385384992	0	-83.66894725319617	0
655, 6919.874920566436	0	11.661066716515961	0
656, 6917.395102324183	0	-2.4798182422528043	0
657, 6897.384256288603	0	-20.01084603558047	0
658, 6890.05823088616	0	-7.32602540244261	0
659, 6909.5259841043335	0	19.46775321817313	0
660, 6955.018101712216	0	45.49211760788239	0
661, 6965.533948923942	0	10.515847211726395	0
662, 7024.771802956783	0	59.237854032840914	0
663, 7108.340137419743	0	83.56833446295968	0
664, 7121.322673358881	0	12.98253593913796	0
665, 7158.708122827176	0	37.38544946829552	0
666, 7130.961131958042	0	-27.746990869134606	0
667, 7299.796237965863	0	168.8351060078212	0
668, 7275.3779911687125	0	-24.41824679715046	0
669, 7249.0071478306845	0	-26.370843338027953	0
670, 7405.659184498326	0	156.65203666764137	0
671, 7465.358982635656	0	59.69979813732971	0
672, 7531.803804417012	0	66.44482178135604	0
673, 7574.156750016341	0	42.35294559932936	0
674, 7642.088459482183	0	67.93170946584178	0
675, 7671.408634766083	0	29.320175283900426	0
676, 7712.321513787282	0	40.91287902119893	0
677, 7676.856951339455	0	-35.46456244782712	0
678, 7704.111669521854	0	27.2547181823993	0
679, 7695.704862878548	0	-8.406806643306481	0
680, 7680.34212007427	0	-15.362742804278241	0
681, 7674.713988942142	0	-5.628131132127237	0
682, 7670.440713964059	0	-4.273274978083464	0
683, 7663.903018039624	0	-6.537695924434956	0
684, 7731.502888346882	0	67.59987030725824	0
685, 7690.172479571699	0	-41.33040877518306	0
686, 7699.782220029105	0	9.609740457405678	0
687, 7709.95467686521	0	10.172456836105084	0
688, 7722.7719491583175	0	12.817272293107635	0
689, 7509.208572084169	0	-213.56337707414878	0
690, 7524.9326556394235	0	15.724083555254765	0
691, 7560.806013527474	0	35.87335788805012	0
692, 7559.519999427078	0	-1.2860141003957324	0
693, 7549.21422679469	0	-10.305772632387743	0
694, 7479.609615961173	0	-69.60461083351674	0
695, 7462.485551627056	0	-17.124064334117065	0
696, 7413.037018826707	0	-49.44853280034931	0
697, 7413.026109920381	0	-0.010908906326221768	0
698, 7434.642885266782	0	21.616775346401482	0
699, 7432.460696589545	0	-2.1821886772377184	0
700, 7420.615503093705	0	-11.84519349583934	0
701, 7490.089143147929	0	69.47364005422332	0
702, 7434.37584750744	0	-55.71329564048847	0
703, 7504.151290621345	0	69.77544311390466	0
704, 7494.424033784758	0	-9.727256836587003	0
705, 7444.62008317028	0	-49.8039506144778	0
706, 7522.5979369756005	0	77.97785380532059	0
707, 7519.230718724951	0	-3.3672182506497847	0
708, 7524.967170452089	0	5.736451727138046	0
709, 7538.5253883746045	0	13.558217922515723	0
710, 7522.519956407324	0	-16.005431967280856	0
711, 7381.84634798599	0	-140.67360842133348	0
712, 7470.82654475283	0	88.98019676683998	0
713, 7525.081910336053	0	54.255365583222556	0
714, 7500.014597004919	0	-25.067313331133846	0
715, 7590.479136087757	0	90.4645390828382	0
716, 7579.9493971912325	0	-10.529738896524577	0
717, 7552.462691777202	0	-27.48670541403044	0
718, 7523.671975888887	0	-28.79071588831539	0
719, 7530.699763646658	0	7.027787757770966	0
720, 7608.627992091595	0	77.9282284449373	0
721, 7644.9195181416335	0	36.291526050038556	0
722, 7654.609668918878	0	9.690150777244526	0
723, 7597.794153155389	0	-56.8155157634892	0
724, 7625.244676657377	0	27.450523501987846	0
725, 7663.330386819003	0	38.085710161626594	0
726, 7628.474807216347	0	-34.85557960265669	0
727, 7671.951392986701	0	43.47658577035418	0
728, 7767.116869944125	0	95.16547695742429	0
729, 7888.595996936279	0	121.4791269921543	0
730, 7806.950312253381	0	-81.64568468289872	0
731, 7886.648778482004	0	79.69846622862315	0
732, 7986.481209924151	0	99.83243144214703	0
733, 8027.773186465598	0	41.291976541447184	0
734, 8137.903017037199	0	110.1298305716009	0
735, 8128.330804855628	0	-9.572212181570649	0
736, 8217.107680147441	0	88.77687529181276	0
737, 8251.40935343566	0	34.30167328821881	0
738, 8322.279065431485	0	70.86971199582513	0
739, 8400.719269722156	0	78.44020429067132	0
740, 8476.735870481287	0	76.0166007591306	0
741, 8419.236348625895	0	-57.49952185539223	0
742, 8349.559931439719	0	-69.67641718617597	0
743, 8517.388594748578	0	167.82866330885918	0
744, 8592.880623253039	0	75.4920285044609	0
745, 8510.550675061375	0	-82.32994819166379	0
746, 8482.693943560243	0	-27.856731501131435	0
747, 8468.332563865819	0	-14.361379694424613	0
748, 8453.300538235972	0	-15.03202562984734	0
749, 8249.363653722543	0	-203.9368845134286	0
750, 8192.437277693622	0	-56.92637602892137	0
751, 8178.6125472665735	0	-13.824730427048053	0
752, 8104.540424768098	0	-74.07212249847544	0
753, 8068.177946333601	0	-36.36247843449746	0
754, 7925.931225269445	0	-142.24672106415528	0
755, 7866.556432958929	0	-59.37479231051657	0
756, 7772.1850918672935	0	-94.37134109163526	0
757, 7669.656440168814	0	-102.52865169847973	0
758, 7657.007256165672	0	-12.649184003142182	0
759, 7635.452012856125	0	-21.555243309546313	0
760, 7486.561275280819	0	-148.89073757530605	0
761, 7415.243895344615	0	-71.3173799362039	0
762, 7441.908464405415	0	26.664569060799295	0
763, 7395.248301380597	0	-46.66016302481785	0
764, 7335.279832434488	0	-59.96846894610917	0
765, 7387.341707335706	0	52.06187490121829	0
766, 7398.718381974773	0	11.37667463906746	0
767, 7265.792379880187	0	-132.9260020945867	0
768, 7303.628827133062	0	37.83644725287559	0
769, 7290.679477741008	0	-12.9493493920545	0
770, 7332.489436263561	0	41.80995852255364	0
771, 7435.090031916837	0	102.60059565327538	0
772, 7456.5521496644	0	21.462117747562843	0
773, 7409.582130107146	0	-46.97001955725318	0
774, 7415.100672413111	0	5.518542305964729	0
775, 7447.036584503589	0	31.93591209047827	0
776, 7473.392874179854	0	26.35628967626417	0
777, 7408.5795422208075	0	-64.81333195904608	0
778, 7370.007701259551	0	-38.571840961256385	0
779, 7424.901695285367	0	54.89399402581603	0
780, 7544.45325012855	0	119.55155484318311	0
781, 7564.584093045217	0	20.130842916666552	0
782, 7566.544195493795	0	1.9601024485782546	0
783, 7537.8972534414115	0	-28.646942052383565	0
784, 7523.540380814904	0	-14.356872626507538	0
785, 7435.960075249202	0	-87.58030556570156	0
786, 7486.823858214603	0	50.86378296540079	0
787, 7567.25158052864	0	80.42772231403706	0
788, 7454.03629612921	0	-113.21528439942995	0
789, 7501.346164244098	0	47.30986811488765	0
790, 7560.021532042226	0	58.67536779812781	0
791, 7715.2330873176215	0	155.21155527539577	0
792, 7564.938232502696	0	-150.2948548149252	0
793, 7501.243000972809	0	-63.69523152988768	0
794, 7507.8775523900895	0	6.634551417280818	0
795, 7663.872825744753	0	155.99527335466337	0
796, 7658.984704840267	0	-4.888120904485731	0
797, 7483.799033016318	0	-175.18567182394872	0
798, 7401.329698742985	0	-82.46933427333352	0
799, 7638.180640670196	0	236.85094192721135	0
800, 7653.594113038886	0	15.413472368689327	0
801, 7650.7800046736165	0	-2.8141083652690213	0
802, 7547.301670886195	0	-103.47833378742143	0
803, 7397.970418235602	0	-149.33125265059334	0
804, 7422.629996962007	0	24.659578726405016	0
805, 7666.779544598264	0	244.149547636257	0
806, 7604.099935285085	0	-62.679609313178844	0
807, 7434.974712252414	0	-169.12522303267087	0
808, 7496.172608913476	0	61.19789666106226	0
809, 7596.524103360804	0	100.35149444732724	0
810, 7615.243784003627	0	18.719680642823732	0
811, 7346.081877841649	0	-269.16190616197855	0
812, 7382.671855680756	0	36.58997783910763	0
813, 7354.063533124078	0	-28.608322556678104	0
814, 7276.73940585251	0	-77.32412727156861	0
815, 7482.644800069124	0	205.9053942166147	0
816, 7630.479647630689	0	147.83484756156486	0
817, 7528.646592010402	0	-101.83305562028727	0
818, 7344.945361980896	0	-183.7012300295055	0
819, 7417.4477250162445	0	72.50236303534803	0
820, 7524.5389861713975	0	107.091261155153	0
821, 7596.162026174381	0	71.62304000298354	0
822, 7444.8965759483	0	-151.26545022608116	0
823, 7303.6684549281235	0	-141.22812102017633	0
824, 7320.438265496201	0	16.769810568077446	0
825, 7509.957345852235	0	189.51908035603446	0
826, 7570.967710222443	0	61.01036437020775	0
827, 7521.208527405899	0	-49.759182816544126	0
828, 7316.762627775073	0	-204.4458996308258	0
829, 7464.953292583638	0	148.1906648085651	0
830, 7558.777535668783	0	93.82424308514419	0
831, 7530.420841309853	0	-28.356694358929417	0
832, 7451.652569124472	0	-78.76827218538074	0
833, 7510.811120419325	0	59.15855129485226	0
834, 7454.507672998942	0	-56.30344742038233	0
835, 7531.38558752635	0	76.87791452740748	0
836, 7507.791624588769	0	-23.593962937580727	0
837, 7480.483241492867	0	-27.308383095902172	0
838, 7460.116715163681	0	-20.366526329185945	0
839, 7470.179681265637	0	10.06296610195568	0
840, 7666.927848288257	0	196.7481670226207	0
841, 7689.61711666563	0	22.689268377373082	0
842, 7686.562708593652	0	-3.054408071978287	0
843, 7542.560974197031	0	-144.00173439662103	0
844, 7397.991461544654	0	-144.56951265237694	0
845, 7519.3442738414815	0	121.35281229682732	0
846, 7553.21002201679	0	33.86574817530891	0
847, 7609.3233458213535	0	56.11332380456315	0
848, 7394.496975173086	0	-214.82637064826758	0
849, 7358.441321706422	0	-36.0556534666639	0
850, 7353.718017562569	0	-4.723304143853056	0
851, 7524.664239513452	0	170.94622195088323	0
852, 7561.386731796664	0	36.72249228321198	0
853, 7547.870485590975	0	-13.51624620568964	0
854, 7340.084596747567	0	-207.78588884340752	0
855, 7311.0046161284035	0	-29.079980619163507	0
856, 7435.703329080088	0	124.69871295168468	0
857, 7322.017915324481	0	-113.68541375560744	0
858, 7361.476174401631	0	39.458259077150615	0
859, 7339.321269355019	0	-22.15490504661284	0
860, 7526.662524674237	0	187.34125531921836	0
861, 7505.117707796215	0	-21.544816878022175	0
862, 7400.372363732506	0	-104.74534406370913	0
863, 7379.152143796634	0	-21.220219935871683	0
864, 7341.566228617608	0	-37.585915179025505	0
865, 7619.905180244754	0	278.33895162714543	0
866, 7526.559317041358	0	-93.34586320339622	0
867, 7512.764311732369	0	-13.795005308988948	0
868, 7539.137285254614	0	26.372973522245047	0
869, 7600.533089332341	0	61.39580407772701	0
870, 7850.283090010463	0	249.75000067812198	0
871, 7862.789936923624	0	12.506846913161098	0
872, 7589.542068628507	0	-273.24786829511686	0
873, 7703.4828658537135	0	113.94079722520655	0
874, 7688.571946874462	0	-14.910918979251619	0
875, 7751.136968493413	0	62.565021618951505	0
876, 7723.3866162962795	0	-27.750352197133907	0
877, 7852.124946178477	0	128.73832988219783	0
878, 7971.414329654731	0	119.28938347625353	0
879, 7697.208936313465	0	-274.20539334126624	0
880, 7604.065845925338	0	-93.14309038812644	0
881, 7707.963735499762	0	103.89788957442397	0
882, 7719.979905184288	0	12.016169684526176	0
883, 7659.137709068576	0	-60.842196115711886	0
884, 7578.795708576168	0	-80.34200049240826	0
885, 7562.600957808836	0	-16.194750767332152	0
886, 7505.781744936854	0	-56.81921287198202	0
887, 7435.187738147188	0	-70.59400678966631	0
888, 7381.439740560368	0	-53.74799758682002	0
889, 7395.756542928375	0	14.316802368007302	0
890, 7550.426249711365	0	154.66970678299003	0
891, 7568.738521278264	0	18.312271566898744	0
892, 7501.749941931809	0	-66.98857934645457	0
893, 7403.676569274182	0	-98.07337265762726	0
894, 7415.442883783872	0	11.766314509690346	0
895, 7466.38636733439	0	50.94348355051807	0
896, 7489.112310345173	0	22.72594301078243	0
897, 7518.653982258997	0	29.541671913823848	0
898, 7500.270240359208	0	-18.38374189978822	0
899, 7397.878928794809	0	-102.39131156439907	0
900, 7309.517852026293	0	-88.36107676851589	0
901, 7460.9514932117345	0	151.43364118544105	0
902, 7460.489800844464	0	-0.4616923672701887	0
903, 7466.770645376619	0	6.280844532154333	0
904, 7536.874754553387	0	70.10410917676836	0
905, 7528.697342210513	0	-8.17741234287405	0
906, 7520.013774643141	0	-8.683567567371938	0
907, 7257.691167630681	0	-262.32260701246014	0
908, 7315.821487723996	0	58.13032009331528	0
909, 7573.990111562542	0	258.1686238385455	0
910, 7536.100955282602	0	-37.889156279939925	0
911, 7367.736945956403	0	-168.36400932619836	0
912, 7467.57050794011	0	99.8335619837062	0
913, 7554.908581076597	0	87.33807313648776	0
914, 7608.6086246733375	0	53.700043596740215	0
915, 7447.2091875087135	0	-161.39943716462403	0
916, 7371.425668417443	0	-75.78351909127014	0
917, 7388.8030922327125	0	17.37742381526914	0
918, 7588.572684093008	0	199.7695918602958	0
919, 7593.148381031426	0	4.575696938417423	0
920, 7592.2559042510575	0	-0.8924767803682698	0
921, 7367.352517287667	0	-224.9033869633904	0
922, 7262.430232635871	0	-104.92228465179596	0
923, 7426.774180927532	0	164.34394829166104	0
924, 7573.166028831294	0	146.39184790376203	0
925, 7553.766314019551	0	-19.39971481174325	0
926, 7357.31781687076	0	-196.44849714879092	0
927, 7401.67182604051	0	44.35400916974959	0
928, 7472.190831827405	0	70.51900578689583	0
929, 7574.33993719074	0	102.14910536333446	0
930, 7467.991838636054	0	-106.34809855468575	0
931, 7408.9023386832205	0	-59.08949995283365	0
932, 7437.101887131141	0	28.19954844792028	0
933, 7570.789821014259	0	133.6879338831186	0
934, 7595.001392680743	0	24.211571666483906	0
935, 7457.104069759102	0	-137.89732292164172	0
936, 7432.6449132035395	0	-24.459156555562004	0
937, 7372.013054132581	0	-60.63185907095885	0
938, 7447.699865473596	0	75.68681134101553	0
939, 7687.357642556145	0	239.65777708254882	0
940, 7593.550442119303	0	-93.80720043684232	0
941, 7445.651562171113	0	-147.89887994818946	0
942, 7469.971641774625	0	24.320079603511658	0
943, 7649.548680063669	0	179.57703828904414	0
944, 7697.934714125955	0	48.386034062285944	0
945, 7469.574393534084	0	-228.36032059187073	0
946, 7509.258070699614	0	39.68367716552984	0
947, 7511.043207833584	0	1.7851371339702382	0
948, 7444.743181476617	0	-66.30002635696746	0
949, 7455.097392712523	0	10.354211235906405	0
950, 7558.811939416785	0	103.71454670426192	0
951, 7531.424553566939	0	-27.387385849846396	0
952, 7567.514912728541	0	36.090359161602464	0
953, 7581.592926040224	0	14.078013311682298	0
954, 7566.033162678451	0	-15.559763361772639	0
955, 7482.759493728682	0	-83.27366894976876	0
956, 7342.79039710399	0	-139.9690966246926	0
957, 7475.859572346134	0	133.0691752421444	0
958, 7551.081676420169	0	75.22210407403509	0
959, 7603.778468924248	0	52.696792504078985	0
960, 7405.558943640004	0	-198.2195252842439	0
961, 7424.656101978029	0	19.09715833802511	0
962, 7466.006427541369	0	41.35032556333954	0
963, 7427.568580778979	0	-38.43784676239011	0
964, 7431.655192155216	0	4.08661137623767	0
965, 7525.063164342798	0	93.40797218758144	0
966, 7507.334025201378	0	-17.72913914142009	0
967, 7460.31558967623	0	-47.01843552514765	0
968, 7458.834337747981	0	-1.4812519282486392	0
969, 7570.86679971095	0	112.03246196296823	0
970, 7541.145724882284	0	-29.721074828665223	0
971, 7522.4878841766695	0	-18.657840705614944	0
972, 7539.0678435161435	0	16.579959339474044	0
973, 7565.649507888803	0	26.58166437265936	0
974, 7686.59418402771	0	120.9446761389072	0
975, 7630.348179748546	0	-56.24600427916448	0
976, 7630.324740304869	0	-0.023439443676579685	0
977, 7637.27081053878	0	6.946070233911087	0
978, 7530.9754188209745	0	-106.29539171780561	0
979, 7524.4647784911795	0	-6.510640329795024	0
980, 7601.963901135063	0	77.49912264388331	0
981, 7600.824343883263	0	-1.1395572517994879	0
982, 7623.801636411125	0	22.97729252786212	0
983, 7593.590824961679	0	-30.210811449446737	0
984, 7493.114886218042	0	-100.47593874363702	0
985, 7484.151171986123	0	-8.963714231918857	0
986, 7546.178446998906	0	62.02727501278332	0
987, 7610.595303868712	0	64.416856869806	0
988, 7509.370927207244	0	-101.22437666146834	0
