1, 6309.040058983453	385.0239444040363	6309.040058983453	0
2, 6346.793399073984	379.6159353332421	37.75334009053131	0
3, 6477.398394365304	384.77115619548465	130.60499529131994	0
4, 6630.352141899178	367.10269448504255	152.95374753387387	0
5, 6897.731280802276	407.9915718057853	267.37913890309846	0
6, 7114.514316238332	408.9668989375411	216.7830354360558	0
7, 7362.600305520103	410.93960663641116	248.0859892817707	0
8, 7630.775767110133	479.6717747403724	268.17546159002995	0
9, 7894.427545888263	466.3935473851752	263.6517787781304	0
10, 8138.162088502261	459.7827690584766	243.7345426139982	0
11, 8421.667869927898	511.3472622763083	283.505781425637	0
12, 8728.757362164419	477.0960197733459	307.0894922365205	0
13, 8980.673205814363	475.7941996086077	251.91584364994378	0
14, 9193.254424917459	529.4225561843391	212.58121910309637	0
15, 9485.40500954225	558.077291982133	292.150584624791	0
16, 9508.128973796356	542.829502973889	22.72396425410625	0
17, 9653.657558251398	598.6597212228503	145.5285844550417	0
18, 9882.964979840426	551.9034107773475	229.3074215890283	0
19, 9879.510001406832	528.0922742046453	-3.4549784335940785	0
20, 9898.65850308546	572.5508510979397	19.148501678628236	0
21, 9882.285328573102	580.8902100932637	-16.373174512358673	0
22, 9909.892177792011	557.4912632567535	27.6068492189097	0
23, 9833.023157518535	564.5300539914258	-76.86902027347605	0
24, 9532.243853516504	547.7192388498502	-300.7793040020315	0
25, 9452.146915855024	495.7520468256194	-80.09693766147939	0
26, 9492.818501259122	531.5199167843523	40.67158540409764	0
27, 9480.915914380796	568.8003570725956	-11.902586878326474	0
28, 9158.52687355429	540.4190402751187	-322.38904082650515	0
29, 9142.981774682054	528.2241362402167	-15.54509887223685	0
30, 9041.49656680437	486.9163184849226	-101.48520787768393	0
31, 8805.283155457118	491.0262203532239	-236.21341134725117	0
32, 8675.529462276392	512.610823909754	-129.75369318072626	0
33, 8482.751658653062	479.104736734184	-192.77780362333033	0
34, 8384.268335453315	520.6970822790597	-98.48332319974725	0
35, 8135.156228296604	440.7064310546281	-249.1121071567104	0
36, 8109.859170836161	480.741243910983	-25.297057460443284	0
37, 8014.824038634939	453.84452961205716	-95.03513220122204	0
38, 7864.665280156813	489.32445513640704	-150.1587584781255	0
39, 7780.034388295045	453.3407849191831	-84.63089186176876	0
40, 7603.298302882144	409.5819305182262	-176.73608541290105	0
41, 7531.624070860338	445.2640502453914	-71.67423202180544	0
42, 7335.172700367513	379.6734759679112	-196.45137049282494	0
43, 7360.341008153696	413.4890063990022	25.168307786182595	0
44, 7259.749014072169	441.53507310721403	-100.59199408152654	0
45, 7153.802798034588	409.7906449519064	-105.94621603758151	0
46, 7109.295646963152	444.12648240427245	-44.507151071436056	0
47, 7122.1174870002515	389.7638948626253	12.821840037099719	0
48, 7129.002903655221	424.0520105028264	6.8854166549699585	0
49, 7074.619994978941	410.9469435155413	-54.38290867628075	0
50, 7120.514582334541	399.81155714968975	45.89458735560038	0
51, 7081.920040489745	414.0527490288042	-38.59454184479637	0
52, 7118.82216215503	409.6362244228147	36.90212166528545	0
53, 7075.173152774403	397.5370847965477	-43.64900938062692	0
54, 7047.5884179443565	383.61312484779	-27.584734830046727	0
55, 7129.497281338572	415.4561118765457	81.90886339421559	0
56, 7015.1983448586725	409.6485776350398	-114.29893647989957	0
57, 7248.474619027857	424.15252754457464	233.27627416918494	0
58, 7279.4439617844255	446.0248455799302	30.96934275656804	0
59, 7284.123517200133	430.6943908993667	4.67955541570791	0
60, 7267.851987836846	412.68728553283404	-16.2715293632873	0
61, 7367.901105529582	419.3710101885591	100.04911769273622	0
62, 7482.81194917595	408.0510317220379	114.91084364636754	0
63, 7511.364242180257	415.1857882900465	28.552293004307103	0
64, 7492.85167727862	420.95672219024266	-18.512564901637234	0
65, 7568.110086545017	438.11877705365885	75.2584092663974	0
66, 7723.9672214595075	445.29354068550543	155.85713491449042	0
67, 7647.127515144889	459.7044886005664	-76.83970631461852	0
68, 7680.619429024493	481.681260498591	33.491913879604	0
69, 7682.224740476824	456.30597382261266	1.6053114523310796	0
70, 7608.45211003497	446.478218879812	-73.77263044185383	0
71, 7671.251635725498	478.1579545154484	62.799525690527844	0
72, 7864.707709223715	450.4116217275512	193.45607349821694	0
73, 7892.478996595424	425.48129007506446	27.77128737170915	0
74, 7890.214891518835	485.45518566824137	-2.2641050765887485	0
75, 7672.700025879783	445.13621625236783	-217.514865639052	0
76, 7552.267260361047	470.53893624777055	-120.43276551873623	0
77, 7522.855538080543	450.71721082985965	-29.411722280504364	0
78, 7450.382027081907	442.5400138803329	-72.4735109986359	0
79, 7460.928288737029	419.6396226237731	10.54626165512218	0
80, 7623.403496772628	402.03751363769067	162.47520803559928	0
81, 7558.041601027167	421.6229277513473	-65.36189574546097	0
82, 7432.279513476634	446.21766868395645	-125.76208755053358	0
83, 7307.467457933061	425.94941763102577	-124.81205554357257	0
84, 7440.986595805749	462.04319919764987	133.51913787268768	0
85, 7420.086410104119	454.15046526755765	-20.900185701630107	0
86, 7449.810067864445	423.4059936029299	29.723657760326205	0
87, 7334.576193444007	439.8091789702192	-115.23387442043804	0
88, 7331.794612177055	430.4157482954277	-2.781581266952344	0
89, 7341.291161166181	445.632842322295	9.496548989126495	0
90, 7305.5138527867275	422.33870504351773	-35.77730837945364	0
91, 7326.6165206463775	418.52089052201603	21.102667859649955	0
92, 7502.894416403855	424.4949299014846	176.27789575747738	0
93, 7637.951001645785	456.2750688246615	135.0565852419304	0
94, 7675.816799412384	412.6449478730137	37.86579776659892	0
95, 7753.862723292287	443.87977982304204	78.04592387990306	0
96, 7752.0256327945035	445.2446774616713	-1.83709049778372	0
97, 7782.5503006162335	451.8401724410557	30.524667821729963	0
98, 7882.859629392002	452.3946365708562	100.30932877576834	0
99, 8015.604562593051	430.92929960709534	132.7449332010492	0
100, 7933.828927930896	492.825196511767	-81.77563466215543	0
101, 7701.735815734538	424.1768067991736	-232.09311219635765	0
102, 7703.366609073251	445.3481808074507	1.6307933387133744	0
103, 7731.97773206108	456.53377736509276	28.61112298782882	0
104, 7798.8470403481615	432.15908524115736	66.86930828708137	0
105, 7799.013546015298	440.38785846680906	0.16650566713633452	0
106, 7753.295941852466	474.3862388062338	-45.717604162831776	0
107, 7595.7716986616115	456.4245431756908	-157.52424319085458	0
108, 7663.034258363627	434.4059618900821	67.2625597020151	0
109, 7597.327558254185	428.8559388615161	-65.70670010944195	0
110, 7614.274447797356	437.72004148830064	16.946889543170983	0
111, 7449.586083330939	414.0395075852164	-164.68836446641672	0
112, 7403.656841804384	423.1676170532708	-45.929241526554506	0
113, 7428.770265736773	435.1866418027185	25.113423932388287	0
114, 7458.379762012644	421.08872261711275	29.609496275871606	0
115, 7523.7038401052	416.4120025002139	65.32407809255528	0
116, 7352.543084964313	436.44995558030166	-171.16075514088698	0
117, 7241.220335110897	411.1668210481708	-111.32274985341519	0
118, 7209.230243253739	427.98167609614495	-31.990091857158404	0
119, 7237.941101354346	413.5724660574678	28.710858100606856	0
120, 7310.399100300888	401.43517704500346	72.45799894654192	0
121, 7326.635899059873	406.74614079534496	16.23679875898506	0
122, 7349.368527451087	446.39654847808805	22.732628391214348	0
123, 7335.049824676305	405.0429928256531	-14.318702774781741	0
124, 7547.629978671599	457.3996093901593	212.58015399529359	0
125, 7600.602940992541	447.84662244297607	52.972962320942315	0
126, 7505.804290434617	461.5809078290333	-94.7986505579247	0
127, 7528.6068524057755	419.42439341728374	22.802561971158866	0
128, 7509.832578160665	421.6121818754309	-18.774274245110064	0
129, 7532.514094706725	450.6201894469955	22.681516546059356	0
130, 7545.321962691405	406.25449461094365	12.807867984680342	0
131, 7553.322588406062	430.7136918031887	8.000625714656962	0
132, 7585.487131001343	406.74992976291134	32.16454259528109	0
133, 7515.961740225482	427.45944547399375	-69.52539077586152	0
134, 7534.955871864625	469.0143231201075	18.994131639143234	0
135, 7559.067343653863	471.88886984817833	24.11147178923784	0
136, 7587.243216453874	445.9411072545969	28.175872800011348	0
137, 7612.054035102219	463.4611227539846	24.810818648345048	0
138, 7631.992504725262	438.1633263751484	19.938469623042693	0
139, 7546.098988724391	410.49606868628007	-85.89351600087048	0
140, 7371.661010641007	439.14433455318317	-174.43797808338422	0
141, 7370.88992391192	399.19935910065277	-0.7710867290870738	0
142, 7381.464466418136	416.0602746319313	10.574542506215948	0
143, 7563.026004516811	450.4465989116173	181.56153809867465	0
144, 7614.572633097157	445.5734902572158	51.546628580346805	0
145, 7563.342917770858	412.6796863818177	-51.22971532629981	0
146, 7548.656286553399	422.48391936384627	-14.686631217458853	0
147, 7440.580923671257	449.7784149068686	-108.07536288214214	0
148, 7416.776658504097	404.4080846260806	-23.80426516715943	0
149, 7414.973462305716	420.6077481240063	-1.8031961983815563	0
150, 7400.494048794512	425.1743245269696	-14.479413511203347	0
151, 7421.292399041635	468.50430379202703	20.79835024712247	0
152, 7503.724449748211	447.2651873091293	82.43205070657586	0
153, 7708.85017163323	454.9999167070611	205.12572188501963	0
154, 7732.225367660285	487.0392564421574	23.3751960270547	0
155, 7462.817550469815	432.21068374497384	-269.40781719047027	0
156, 7484.598344538164	442.72461838349136	21.780794068349678	0
157, 7495.776170480519	411.58536073296443	11.177825942354502	0
158, 7413.308961747803	413.3531100702555	-82.46720873271624	0
159, 7489.356731367171	439.64840252114504	76.04776961936841	0
160, 7579.2889814500495	442.65920138637307	89.93225008287845	0
161, 7767.077503543628	421.99688486140366	187.78852209357865	0
162, 7452.452895620706	383.8628113073778	-314.6246079229222	0
163, 7481.672449760832	472.63200112026703	29.219554140126093	0
164, 7691.278921113836	431.4933601342034	209.60647135300405	0
165, 7757.262939024694	465.38951588521655	65.9840179108578	0
166, 7739.896283505457	431.0513115547814	-17.3666555192367	0
167, 7617.483682988422	428.65579036669754	-122.41260051703557	0
168, 7539.3835095407	487.64740747874157	-78.10017344772132	0
169, 7552.210081539983	440.3543879735207	12.82657199928235	0
170, 7549.2083370862565	443.9105750758742	-3.0017444537261326	0
171, 7599.622982155802	458.02369487544775	50.41464506954526	0
172, 7584.953317678107	465.9441849745702	-14.669664477694823	0
173, 7607.902730831659	444.49443456189806	22.949413153552086	0
174, 7652.635590758946	423.6620872647856	44.73285992728688	0
175, 7628.0424933309205	394.50221118722953	-24.59309742802543	0
176, 7566.469996248743	419.8981985231586	-61.572497082177506	0
177, 7590.313893716151	450.20108226117713	23.84389746740817	0
178, 7495.927580577702	428.54259059385174	-94.38631313844871	0
179, 7498.986776674213	421.2771078495429	3.059196096510277	0
180, 7485.120761018468	431.80654097205127	-13.866015655744377	0
181, 7484.906913238914	425.40994665543263	-0.21384777955427126	0
182, 7446.264692459221	438.4943018612719	-38.64222077969316	0
183, 7549.366324347717	461.5657374963024	103.10163188849583	0
184, 7529.604911113473	433.02952739387524	-19.761413234244174	0
185, 7359.047889908553	458.5909982271944	-170.5570212049197	0
186, 7418.0051249719145	419.6760672036435	58.95723506336162	0
187, 7399.561579335761	436.4432934502358	-18.44354563615343	0
188, 7457.696627694369	395.63451083522847	58.1350483586084	0
189, 7523.738917662144	437.93679668398113	66.0422899677742	0
190, 7445.287968761119	466.72558256963356	-78.45094890102428	0
191, 7480.663766619102	432.26767968336895	35.375797857982434	0
192, 7576.391409182634	454.2108027492681	95.72764256353184	0
193, 7576.48687755478	434.2467309886225	0.09546837214656989	0
194, 7631.7115985617575	442.4426523757984	55.224721006977234	0
195, 7619.051395901383	442.66526546504343	-12.660202660374125	0
196, 7543.949287160842	471.9125522597897	-75.10210874054155	0
197, 7515.344965692714	463.644069568289	-28.604321468127637	0
198, 7555.275900195072	445.72235773445743	39.93093450235756	0
199, 7619.759753360547	471.4642290890701	64.48385316547501	0
200, 7603.864145334114	404.39333310935865	-15.895608026432456	0
201, 7653.023047065675	444.7367822976578	49.158901731560945	0
202, 7735.313222126563	459.69783261767617	82.29017506088803	0
203, 7694.447294071705	423.2572480142986	-40.86592805485816	0
204, 7691.366031431713	482.26149091139325	-3.081262639992019	0
205, 7806.120418291558	414.7837112246692	114.754386859845	0
206, 7787.4475056639385	453.25309909627214	-18.672912627619553	0
207, 7782.167973428033	451.02231589561046	-5.279532235905208	0
208, 7783.053968926414	427.86475597393223	0.8859954983809075	0
209, 7794.696092019041	415.93399414984657	11.642123092627116	0
210, 7848.902388316499	478.7222565029009	54.20629629745781	0
211, 7804.0724785004595	454.39610995008474	-44.82990981603962	0
212, 7874.387510270515	430.06306533513265	70.31503177005561	0
213, 7883.8837421719	482.6986616808268	9.496231901384817	0
214, 8024.116683759233	493.62582975370265	140.2329415873328	0
215, 7974.220055712434	477.91215100752424	-49.89662804679847	0
216, 8075.540116874881	498.1094622739972	101.32006116244702	0
217, 8208.344895238799	439.3209039464458	132.80477836391765	0
218, 8297.747731339832	479.032614074931	89.40283610103324	0
219, 8259.939242047309	512.8294041474849	-37.80848929252352	0
220, 8420.975095070151	487.9092083765929	161.03585302284228	0
221, 8494.292943880753	485.73556149157855	73.3178488106023	0
222, 8570.624142258106	490.3488695726997	76.33119837735285	0
223, 8548.273072819416	505.710044318712	-22.351069438689592	0
224, 8670.37141522383	470.92086205671546	122.09834240441342	0
225, 8713.808764651209	518.4857536654874	43.43734942737865	0
226, 8811.86525781392	506.17797906042404	98.05649316271229	0
227, 8754.53435776037	499.6572046359684	-57.33090005355007	0
228, 8805.735344443416	519.6052005120324	51.2009866830449	0
229, 8801.849245840072	515.493849908726	-3.886098603343271	0
230, 8730.148463904181	509.127730993168	-71.70078193589143	0
231, 8702.476928342401	511.01489634790113	-27.67153556177982	0
232, 8737.499182387102	517.5933511356667	35.022254044701185	0
233, 8734.344828880774	528.7273513054317	-3.1543535063283343	0
234, 8817.96047303698	481.54720963076153	83.61564415620524	0
235, 8677.889860999821	492.6169224446069	-140.07061203715784	0
236, 8620.329420794858	483.7532961450852	-57.560440204963015	0
237, 8488.083821796432	501.93090185978105	-132.24559899842643	0
238, 8495.556840989466	516.2106647127055	7.473019193033906	0
239, 8467.352315337026	464.92992817784705	-28.20452565243977	0
240, 8334.824378092562	518.5285446162967	-132.52793724446383	0
241, 8248.526701336043	489.57053522879477	-86.29767675651965	0
242, 8211.783378100848	500.0449294604076	-36.74332323519411	0
243, 8134.221850268643	502.1295983734404	-77.56152783220568	0
244, 7974.161168316044	484.5300759048258	-160.06068195259923	0
245, 7893.386981821231	446.50551311986055	-80.77418649481297	0
246, 7728.356598967623	471.61756708626905	-165.030382853608	0
247, 7672.476160241674	435.005261510913	-55.88043872594881	0
248, 7646.30699457862	416.0690945742382	-26.169165663053718	0
249, 7561.422700649338	473.39485204732813	-84.88429392928174	0
250, 7527.629425919565	438.7424558274154	-33.79327472977366	0
251, 7350.4063114732	432.06415890763844	-177.2231144463649	0
252, 7363.992698779732	428.5838088011077	13.586387306531833	0
253, 7205.528194711119	371.4509920650332	-158.46450406861277	0
254, 7189.615347900881	381.0367905583676	-15.91284681023808	0
255, 7197.378647316008	463.2579814480438	7.763299415127221	0
256, 7020.5527925677325	396.11969942608107	-176.82585474827556	0
257, 7038.623977495888	413.13830107469556	18.071184928155162	0
258, 7049.504646793485	418.74053354736907	10.880669297597706	0
259, 7028.634104284873	417.415363053359	-20.870542508612743	0
260, 6997.452671759224	380.6416500699369	-31.181432525648233	0
261, 7056.578047289251	392.2205127578708	59.12537553002676	0
262, 7036.879110832696	398.6391560050788	-19.698936456555202	0
263, 7088.89916289818	442.1232594688056	52.02005206548438	0
264, 7227.539967756713	377.9464800592444	138.64080485853265	0
265, 7153.131504879899	396.90485801869664	-74.40846287681416	0
266, 7196.640997113155	415.6302816494091	43.509492233256424	0
267, 7166.246677888536	401.35450765482426	-30.394319224618812	0
268, 7232.08059482013	407.4030005699124	65.8339169315932	0
269, 7302.556499615595	412.51898019078754	70.4759047954658	0
270, 7277.551922988797	425.6881941578736	-25.004576626798553	0
271, 7250.4192646549545	418.3273265503568	-27.1326583338423	0
272, 7388.477447135726	413.9563200930282	138.0581824807714	0
273, 7380.63393847841	399.2296669282897	-7.843508657316306	0
274, 7549.568663548472	455.33279957838585	168.9347250700621	0
275, 7547.430053959152	404.4201173526383	-2.138609589319458	0
276, 7567.377249360841	464.40272851659563	19.947195401688987	0
277, 7767.15856942824	447.1950279807283	199.78132006739907	0
278, 7766.752022734606	457.71856149529316	-0.4065466936344819	0
279, 7752.009939739194	474.1103743623728	-14.742082995411693	0
280, 7841.457860931993	437.9886747003397	89.44792119279919	0
281, 7828.3767099833685	454.70276169820244	-13.081150948624781	0
282, 7943.759141509375	463.0756881764521	115.38243152600626	0
283, 7849.624489513262	453.3197805079429	-94.13465199611255	0
284, 7845.383596786612	445.0821317306945	-4.2408927266506	0
285, 7932.364063660276	418.91390170265834	86.98046687366423	0
286, 8026.847938865709	470.56890502671155	94.48387520543292	0
287, 8047.796367052049	450.3957382951449	20.948428186340607	0
288, 8085.047918001343	460.05628749796546	37.25155094929323	0
289, 8039.798163103255	449.7205735950768	-45.2497548980873	0
290, 8052.860380219393	470.10194080308304	13.062217116137617	0
291, 8020.937779397849	461.07061803812127	-31.92260082154371	0
292, 8031.354479363387	478.3674595983879	10.4166999655381	0
293, 7895.516562482634	444.4280171570583	-135.83791688075326	0
294, 7886.294404438294	448.51609123770487	-9.222158044340176	0
295, 7832.518745017884	465.0385730315686	-53.77565942041019	0
296, 7651.266356921293	449.2929986308681	-181.25238809659095	0
297, 7522.008763689337	468.70906785362394	-129.25759323195598	0
298, 7504.403318489067	413.10170037445886	-17.60544520026997	0
299, 7411.808576523945	392.7011310395101	-92.59474196512201	0
300, 7428.359398035234	437.1906613431954	16.55082151128954	0
301, 7269.063352643959	435.6821793119994	-159.29604539127558	0
302, 7258.1987307533855	404.0197544775813	-10.86462189057329	0
303, 7193.285667808457	408.3641033250639	-64.91306294492824	0
304, 7242.819846980256	425.36577180978355	49.534179171799224	0
305, 7245.518326942806	381.60967752508435	2.6984799625497544	0
306, 7098.042635747369	423.66365365744565	-147.47569119543732	0
307, 7102.373870082008	414.91550705783175	4.331234334638793	0
308, 7061.9970035667175	428.9277352492873	-40.3768665152902	0
309, 7031.9981141891	391.72849013913145	-29.99888937761716	0
310, 7077.727999809552	413.95035222128365	45.72988562045157	0
311, 7034.063204366748	410.9158322191282	-43.66479544280355	0
312, 6981.995377683749	418.3819395260207	-52.06782668299911	0
313, 6966.557594680143	434.94889192737594	-15.437783003606455	0
314, 7059.582823051687	407.1829402154858	93.02522837154447	0
315, 7012.854931359992	391.7247136656958	-46.72789169169482	0
316, 7046.971262815559	410.6344272837241	34.11633145556698	0
317, 7059.5437384651	396.6810779669522	12.572475649541047	0
318, 7056.101619891114	425.0441720606948	-3.4421185739865905	0
319, 7108.80623696701	432.7620572023231	52.70461707589584	0
320, 7201.304456551084	406.3323512203143	92.49821958407392	0
321, 7243.47560174579	396.7090335207002	42.171145194706696	0
322, 7255.31771432753	451.1502427854993	11.842112581739457	0
323, 7314.681593807757	416.72099448795257	59.3638794802273	0
324, 7419.236461215169	448.18565533144863	104.55486740741162	0
325, 7404.6397461297975	475.45260264403953	-14.596715085371216	0
326, 7548.0592320027245	412.48948890030783	143.419485872927	0
327, 7519.457743197151	436.0946724928002	-28.601488805573354	0
328, 7571.102422171921	463.4097416590392	51.644678974769704	0
329, 7688.9848381314805	432.3162402310379	117.8824159595597	0
330, 7680.829143811525	435.6458835809617	-8.155694319955728	0
331, 7740.505010813957	454.5096008075017	59.675867002431914	0
332, 7813.883095381658	501.5270281766287	73.37808456770108	0
333, 7746.510844530468	457.6934483088599	-67.37225085119007	0
334, 7729.123374457585	456.2489307630441	-17.387470072882934	0
335, 7933.82519585508	442.6918672777325	204.70182139749522	0
336, 7861.555556228094	453.0065077549283	-72.26963962698574	0
337, 7989.286128568097	446.4113018536899	127.73057234000316	0
338, 8011.90368732099	424.45098479676	22.617558752892364	0
339, 7995.875144678414	450.28182824332936	-16.028542642576213	0
340, 8109.287157602515	469.5802482056114	113.41201292410187	0
341, 8108.8840750443715	477.5782757931353	-0.40308255814397853	0
342, 8180.069322822518	460.3954617079649	71.18524777814673	0
343, 8394.9478440904	493.43777319577333	214.8785212678822	0
344, 8314.608644665439	509.77899237919536	-80.33919942496141	0
345, 8378.164992867052	478.0245926655928	63.55634820161322	0
346, 8418.130781183485	511.23971861313083	39.965788316432736	0
347, 8491.24727161387	491.7347853667693	73.11649043038597	0
348, 8596.599866674134	479.2057812210209	105.35259506026341	0
349, 8646.061331846415	480.1857480219034	49.46146517228044	0
350, 8738.532839134707	472.95766561673565	92.47150728829183	0
351, 8728.637973077828	488.1804368654113	-9.894866056878527	0
352, 8753.750294808404	558.7612163480721	25.112321730575786	0
353, 8842.996382982457	503.5018832352181	89.24608817405351	0
354, 8894.02881080292	481.5741239941478	51.032427820462544	0
355, 8777.40853552492	468.70691624519196	-116.6202752779991	0
356, 8820.072392303739	515.6795767706224	42.66385677881772	0
357, 8769.630117212213	530.9135737162146	-50.44227509152552	0
358, 8729.773898981017	524.8281791728531	-39.85621823119618	0
359, 8780.17635195599	491.577644526682	50.40245297497313	0
360, 8739.773074084027	486.2395532077349	-40.40327787196293	0
361, 8744.156379474169	479.4118805276421	4.383305390141686	0
362, 8723.525176614154	503.55196739111597	-20.631202860015037	0
363, 8749.632460489514	469.96763495121553	26.107283875360736	0
364, 8640.126296507924	497.5867211619469	-109.50616398159036	0
365, 8496.124855626435	511.471352779215	-144.00144088148954	0
366, 8529.171575743187	467.768838318871	33.04672011675211	0
367, 8347.74268684662	485.2151713805439	-181.4288888965675	0
368, 8306.502487149544	493.3198518534857	-41.240199697074786	0
369, 8082.0323841101135	464.3519928314381	-224.4701030394308	0
370, 8060.4567809734945	459.37009214321273	-21.575603136619065	0
371, 7964.660272830069	454.72687295134875	-95.79650814342585	0
372, 7869.185686371729	459.155532098297	-95.47458645833922	0
373, 7799.837982712613	463.134313407276	-69.34770365911663	0
374, 7732.834757844802	454.26725770523166	-67.00322486781079	0
375, 7628.815006119428	449.36602680687804	-104.01975172537368	0
376, 7555.479149511024	387.7421767409262	-73.33585660840436	0
377, 7492.7713549286955	453.35513083175454	-62.70779458232846	0
378, 7373.587235688674	423.5792289623057	-119.18411924002157	0
379, 7345.830065309975	395.5376999233884	-27.757170378698902	0
380, 7136.340895737131	396.1037250152108	-209.48916957284382	0
381, 7098.190620759171	445.22068461165964	-38.15027497796018	0
382, 7096.177282400859	426.6215853314929	-2.0133383583115574	0
383, 6925.981872993665	387.90709805325855	-170.19540940719435	0
384, 6873.809226813126	402.2347897390427	-52.17264618053923	0
385, 6892.355929652877	372.1638365719011	18.54670283975156	0
386, 6863.436138936598	421.127430966451	-28.91979071627975	0
387, 6853.3514832481405	380.36422471735636	-10.084655688457133	0
388, 6804.649739997858	359.72619822387685	-48.70174325028256	0
389, 6816.922732668518	409.4642772277387	12.272992670659733	0
390, 6789.670798765995	426.62074107790136	-27.25193390252298	0
391, 6765.322149914327	388.98524343353256	-24.34864885166735	0
392, 6854.693972118137	399.68894770627855	89.37182220380964	0
393, 6880.985835405014	398.47209212351027	26.291863286876833	0
394, 6843.587713493794	386.67541511403687	-37.39812191122019	0
395, 6875.4047015605665	369.7957875449107	31.816988066772865	0
396, 7003.917802220277	350.2364128297972	128.5131006597103	0
397, 6916.133033232214	401.8497565715744	-87.78476898806275	0
398, 6941.90241830578	369.91917268404325	25.7693850735659	0
399, 6756.6322286611685	398.41854830691	-185.2701896446115	0
400, 6892.59880519439	389.25984989904475	135.9665765332211	0
401, 6868.632837506057	382.5555690997301	-23.965967688332967	0
402, 6873.35682726658	375.312769904178	4.723989760523182	0
403, 6916.226139480589	385.44517227212344	42.86931221400937	0
404, 6958.5631154645225	400.2122555484223	42.33697598393337	0
405, 6912.870303123134	394.9843593604129	-45.69281234138816	0
406, 6982.915281008969	406.57935314681043	70.04497788583467	0
407, 6924.68337069068	391.4398291963261	-58.23191031828901	0
408, 7082.516192300118	423.72218253658656	157.83282160943781	0
409, 7092.846497031124	432.6939348608644	10.330304731006436	0
410, 7127.619346240621	394.9412066552469	34.7728492094966	0
411, 7098.136371893559	405.8163662164772	-29.482974347061827	0
412, 7071.963752706197	415.6497062999776	-26.172619187362216	0
413, 7074.231385516552	425.6458027470793	2.2676328103552805	0
414, 7149.747618617663	446.7111054017725	75.51623310111063	0
415, 7231.981398755906	431.34503948145874	82.23378013824367	0
416, 7179.72722298985	456.537036928925	-52.254175766056505	0
417, 7234.645736115054	375.51327610485464	54.9185131252043	0
418, 7160.754113497183	447.3016942901349	-73.89162261787078	0
419, 7215.977559149908	406.96337299194096	55.22344565272488	0
420, 7340.515060466358	413.96628174613903	124.53750131644938	0
421, 7367.381967589503	410.20109843291976	26.86690712314521	0
422, 7311.539933002315	401.69661021869774	-55.84203458718821	0
423, 7300.748927070425	443.2383113638116	-10.79100593188923	0
424, 7394.142479577648	401.66287893118545	93.39355250722292	0
425, 7487.462943624584	409.04555089290596	93.32046404693574	0
426, 7492.1208627470405	425.950835750848	4.657919122456406	0
427, 7395.696861004351	436.2977026985437	-96.42400174268914	0
428, 7412.901778193235	390.63756410167326	17.204917188883883	0
429, 7407.649667392823	427.05552182109176	-5.252110800412083	0
430, 7608.81065250148	489.68068331314043	201.16098510865686	0
431, 7576.7689499282815	443.03846860259944	-32.04170257319856	0
432, 7623.984698450301	402.41892850607434	47.21574852201957	0
433, 7623.335321550025	446.32793278409827	-0.6493769002763656	0
434, 7640.575833887901	436.6955832359425	17.24051233787668	0
435, 7583.964084289109	432.2231547020397	-56.6117495987919	0
436, 7620.8930448720575	432.44831876837765	36.92896058294809	0
437, 7622.249544988003	432.88033822578467	1.3565001159458916	0
438, 7595.774873737298	424.6927529133555	-26.474671250705796	0
439, 7573.275582924208	428.7440717149542	-22.49929081308983	0
440, 7548.0119040233	402.1283888534977	-25.263678900907507	0
441, 7563.164967771643	436.64939603373523	15.153063748342902	0
442, 7545.337217827277	443.58501088461793	-17.827749944366587	0
443, 7464.084208993912	433.79612571399343	-81.25300883336422	0
444, 7373.265640294236	372.31736368069534	-90.81856869967669	0
445, 7340.877419058452	373.6856813385099	-32.38822123578393	0
446, 7276.66834394966	441.6188577056718	-64.2090751087917	0
447, 7269.185841502875	430.15857457756636	-7.482502446785475	0
448, 7097.289404770508	437.8958863299729	-171.89643673236696	0
449, 7074.593030741203	395.79755902325775	-22.696374029304934	0
450, 7143.688699771624	406.6618853461198	69.09566903042105	0
451, 7082.0319381938325	404.0097908436053	-61.65676157779126	0
452, 7065.83639535475	420.56299087402823	-16.19554283908292	0
453, 7161.049418364933	427.8647403973044	95.21302301018386	0
454, 7105.993457825299	425.761279871098	-55.055960539634725	0
455, 7046.287876534215	416.23281232302475	-59.705581291083945	0
456, 6991.397646770405	372.93035241692945	-54.89022976380966	0
457, 7061.037561243705	451.366516469092	69.63991447329954	0
458, 7066.174275776695	396.3601544118464	5.1367145329904815	0
459, 7078.068112527644	429.57323718956553	11.893836750949049	0
460, 7132.583207612293	407.1684254714139	54.51509508464915	0
461, 7146.199954822561	382.92101906970873	13.616747210267931	0
462, 7105.840419268785	421.83448174691773	-40.35953555377637	0
463, 7252.6177184097105	433.8847040624691	146.7772991409256	0
464, 7205.923995422129	392.82249091568	-46.69372298758117	0
465, 7197.844739402957	402.08655759367826	-8.079256019172135	0
466, 7206.667555842422	405.75585003524077	8.822816439464987	0
467, 7251.571605155531	430.10650395054677	44.90404931310877	0
468, 7237.389680848501	413.89769914575595	-14.181924307030386	0
469, 7276.025890679049	369.79608480107436	38.63620983054807	0
470, 7239.938046435804	412.00467915095624	-36.087844243244945	0
471, 7226.061608239469	396.1408484086009	-13.876438196334675	0
472, 7232.884693378959	414.3825653585912	6.823085139490104	0
473, 7246.810266055557	413.56414896408484	13.925572676597767	0
474, 7217.061807325674	400.2129674795764	-29.74845872988317	0
475, 7214.229169058323	417.03464688347117	-2.832638267350376	0
476, 7234.048206093378	420.7545707637692	19.819037035054862	0
477, 7225.758776889499	426.4919618277364	-8.28942920387908	0
478, 7205.469170384597	393.78542464942734	-20.289606504901712	0
479, 7262.227509345753	440.48896549358983	56.75833896115546	0
480, 7260.871956973635	440.20600929596566	-1.355552372117927	0
481, 7242.178603429528	441.25441948684283	-18.693353544106685	0
482, 7223.876586408836	439.1715400292861	-18.302017020691892	0
483, 7228.462767046485	414.5912559543573	4.586180637648795	0
484, 7245.6105414566355	446.9007345905402	17.147774410150305	0
485, 7216.355267979388	402.7239217241315	-29.2552734772471	0
486, 7211.30601087994	451.0876454107086	-5.0492570994483685	0
487, 7255.958762599181	388.42678467694196	44.65275171924077	0
488, 7091.024133030257	423.6059273577275	-164.9346295689238	0
489, 7144.141373444574	418.87062275115744	53.117240414317166	0
490, 7096.407408816956	400.5181842653778	-47.73396462761775	0
491, 7132.598357684639	393.0859644132749	36.19094886768289	0
492, 7118.376327162032	411.7261675240467	-14.222030522607383	0
493, 7111.740038903491	379.1392886979409	-6.636288258540844	0
494, 7136.048621512702	375.78276749976504	24.308582609211044	0
495, 7303.411447154344	423.85131646859503	167.3628256416423	0
496, 7273.127321502261	420.54664743722316	-30.284125652083276	0
497, 7311.433797176877	398.3281280749872	38.306475674616195	0
498, 7284.121749205605	412.2419122997488	-27.312047971272477	0
499, 7324.3217822223905	430.71279738608996	40.20003301678571	0
500, 7272.950933929925	444.0845567458083	-51.37084829246578	0
501, 7420.156831969007	416.5023128542149	147.20589803908206	0
502, 7429.493613303914	420.55686490496413	9.336781334906846	0
503, 7417.7604459382255	428.55333864143114	-11.733167365688132	0
504, 7431.204884098653	476.18578107230246	13.444438160427126	0
505, 7451.491876533201	405.0116538189446	20.286992434548665	0
506, 7418.174529406822	450.9953139512169	-33.31734712637899	0
507, 7438.298699197811	441.2361569137283	20.12416979098907	0
508, 7504.398775658086	446.8952937937582	66.10007646027498	0
509, 7582.686903734773	474.50332456133543	78.28812807668692	0
510, 7617.109094191546	470.79976144702994	34.42219045677302	0
511, 7627.012402588278	384.3403157669548	9.903308396731518	0
512, 7651.150058582411	430.42935986703816	24.13765599413273	0
513, 7668.255387788383	438.3918089381304	17.10532920597234	0
514, 7693.159680584213	392.12690655350576	24.90429279582986	0
515, 7698.330460202274	385.88294525062327	5.170779618060806	0
516, 7666.449731285578	416.01165857459875	-31.88072891669526	0
517, 7635.541687992258	409.98020737500485	-30.90804329332059	0
518, 7472.317466753073	436.42006453033576	-163.22422123918477	0
519, 7454.008593146311	430.9785292857817	-18.308873606762063	0
520, 7405.287872662873	440.01601503045026	-48.72072048343762	0
521, 7331.347394942614	444.2031343732987	-73.94047772025897	0
522, 7248.171822667724	458.98122684861085	-83.17557227489033	0
523, 7299.421390235898	422.5423895942445	51.249567568173916	0
524, 7129.927361373155	393.53108109018314	-169.4940288627431	0
525, 7116.914828780588	417.4301877309994	-13.012532592566458	0
526, 7113.424642115607	438.6487166655599	-3.490186664981593	0
527, 7117.710997460873	423.9240006240264	4.286355345266202	0
528, 7160.900536464049	393.2976608464264	43.18953900317592	0
529, 7219.287532417058	389.4573185855393	58.38699595300932	0
530, 7166.702754635445	395.0563334962668	-52.58477778161341	0
531, 7220.751196693222	359.99377128388096	54.04844205777681	0
532, 7241.04498041779	428.34181352570755	20.29378372456813	0
533, 7221.18850095947	444.30956917687934	-19.856479458319882	0
534, 7203.186506031317	440.70037010758153	-18.00199492815318	0
535, 7205.72161999119	423.2967698147696	2.5351139598733425	0
536, 7241.43921899912	422.4427324907283	35.7175990079304	0
537, 7218.122996862604	449.13644572552477	-23.316222136516444	0
538, 7365.681495841517	466.3286710701534	147.55849897891312	0
539, 7350.628509963701	434.95314214125113	-15.052985877816354	0
540, 7368.214662444927	440.96653349489094	17.586152481226236	0
541, 7368.72192906503	431.671690773487	0.5072666201031097	0
542, 7458.9481615789955	442.3146002532205	90.22623251396544	0
543, 7549.733726294934	374.6716676553595	90.78556471593856	0
544, 7476.190534934255	441.6104160827549	-73.54319136067897	0
545, 7578.836519986222	459.76140344203066	102.64598505196682	0
546, 7521.290721884486	445.28591621395384	-57.54579810173618	0
547, 7702.993652021871	413.0831950148332	181.702930137385	0
548, 7669.940657101688	404.0806839470321	-33.052994920182755	0
549, 7692.978066727023	460.500049926399	23.037409625335385	0
550, 7683.899408847432	432.31079017264943	-9.078657879591447	0
551, 7692.907536130952	424.98830084916546	9.00812728352048	0
552, 7690.045054505042	483.62534561723595	-2.862481625910732	0
553, 7788.656124120172	450.2966127160958	98.61106961512996	0
554, 7782.760489413068	441.63326847915334	-5.895634707103454	0
555, 7784.939260724852	452.7027442195438	2.1787713117837484	0
556, 7686.607791490474	464.9406154417808	-98.33146923437835	0
557, 7635.528596573424	449.93675139802247	-51.07919491704979	0
558, 7640.129893463627	444.53583985940895	4.60129689020323	0
559, 7620.20033912156	439.24355043920275	-19.929554342066695	0
560, 7635.4944175614755	405.22536505764583	15.29407843991521	0
561, 7621.330484766469	445.03944199927156	-14.163932795006076	0
562, 7635.963828661128	422.79452069518607	14.633343894658537	0
563, 7523.31956936296	459.0355278562083	-112.64425929816844	0
564, 7535.735168046371	430.27345246832186	12.41559868341119	0
565, 7580.137749495137	424.37517340611686	44.402581448765886	0
566, 7536.182786819246	447.52652462588037	-43.95496267589078	0
567, 7478.037514682577	433.61888372886244	-58.14527213666861	0
568, 7399.268666974987	416.077075454849	-78.76884770758988	0
569, 7484.734926302037	422.0008870208925	85.46625932704956	0
570, 7494.75049658933	428.4641661921635	10.015570287293485	0
571, 7436.9954420779495	449.5567630719499	-57.75505451138088	0
572, 7340.371394021903	458.92281566510997	-96.62404805604638	0
573, 7398.008956672849	439.4905719042288	57.637562650946165	0
574, 7405.330151245633	450.91389112148323	7.321194572783497	0
575, 7431.654725870675	449.2812637983162	26.32457462504226	0
576, 7450.472976921626	410.1203785198483	18.818251050950494	0
577, 7435.462749055431	415.9917115229925	-15.010227866194327	0
578, 7485.900942409083	425.37265639331946	50.43819335365151	0
579, 7430.430217999567	413.1734047623372	-55.47072440951615	0
580, 7480.5783779447365	431.914795170428	50.14815994516994	0
581, 7483.25005997829	392.0512861189431	2.6716820335532248	0
582, 7486.897362960028	414.00451168745934	3.647302981737994	0
583, 7537.951706966457	442.1725747498111	51.054344006429346	0
584, 7540.1230290317	424.2831981371835	2.171322065242748	0
585, 7569.353387449181	424.87099281816586	29.23035841748151	0
586, 7577.786185587124	443.45722160522814	8.432798137942882	0
587, 7581.402397366262	431.3092220383728	3.6162117791382116	0
588, 7692.388146560024	423.6634850905531	110.98574919376188	0
589, 7670.985952695557	465.8875439562361	-21.402193864467336	0
590, 7715.847354585331	405.3912476863465	44.86140188977424	0
591, 7787.322460713076	438.60112413428357	71.47510612774477	0
592, 7720.103022340169	462.55141759113104	-67.21943837290655	0
593, 7802.069417995467	459.224357914773	81.96639565529767	0
594, 7818.0380117269515	441.682839431328	15.968593731484361	0
595, 7855.449386064991	433.8889928841168	37.41137433803942	0
596, 7867.20394648292	455.7882282600472	11.754560417929497	0
597, 7926.952628527348	473.62951967332583	59.74868204442737	0
598, 8052.849584180872	460.5839315191393	125.89695565352395	0
599, 8030.761501900768	474.0950792845151	-22.088082280103663	0
600, 8120.679764125948	479.17694610904766	89.91826222518011	0
601, 8175.565078819692	466.0916596737559	54.88531469374357	0
602, 8173.565187120975	475.9172148192594	-1.999891698716965	0
603, 8275.27072268811	475.0280778813993	101.70553556713548	0
604, 8298.14192652354	526.2901769343697	22.871203835429696	0
605, 8447.935218480508	492.8832361844106	149.79329195696846	0
606, 8463.209142574606	489.15380942998985	15.27392409409731	0
607, 8441.539425559502	453.97801917771847	-21.669717015103743	0
608, 8583.347584594552	506.9561517029454	141.80815903505027	0
609, 8594.016563686428	489.25814218602954	10.668979091875372	0
610, 8454.797251647742	471.8115314096819	-139.21931203868553	0
611, 8410.701332944373	478.6075898852229	-44.095918703369534	0
612, 8334.5414416052	480.44598818464334	-76.15989133917174	0
613, 8242.820915350436	493.48190297741553	-91.72052625476499	0
614, 8141.168878862309	441.7668656792385	-101.65203648812712	0
615, 8057.686496673944	474.73417536133957	-83.48238218836468	0
616, 7973.081364844381	444.59853916161626	-84.6051318295631	0
617, 7907.103165727129	439.8538330891349	-65.97819911725219	0
618, 7829.204918783976	415.558628518536	-77.89824694315303	0
619, 7739.18353624293	416.67182198970517	-90.02138254104557	0
620, 7675.0734428163405	483.2169012032446	-64.11009342658963	0
621, 7568.981557870812	448.27855688973176	-106.09188494552836	0
622, 7519.177889516968	431.1402490801175	-49.80366835384393	0
623, 7352.621458147368	441.3243247283174	-166.55643136960043	0
624, 7251.09456609218	389.520619957697	-101.526892055188	0
625, 7242.6585094218635	422.53256888003716	-8.436056670316248	0
626, 7145.272563887594	383.3610574927223	-97.38594553426992	0
627, 7174.0096287290735	427.6544128975027	28.737064841479878	0
628, 7022.705168885774	412.57424364580186	-151.3044598432998	0
629, 7078.835087722455	388.68946663949043	56.1299188366811	0
630, 6985.458143440152	409.39090291231247	-93.37694428230316	0
631, 7015.389259423976	384.9982194580316	29.931115983824384	0
632, 7047.481337114164	392.4205252535633	32.09207769018758	0
633, 6964.597670635315	403.79282228130205	-82.88366647884868	0
634, 6980.663504177293	384.9260824111752	16.065833541978463	0
635, 7070.1230655833815	393.81680630022214	89.45956140608814	0
636, 7064.840320119447	397.67359682265425	-5.282745463934589	0
637, 7033.751110922878	399.494818903673	-31.089209196568845	0
638, 7077.390822452115	409.8123006825787	43.63971152923659	0
639, 7156.232938011473	405.98526214970576	78.84211555935872	0
640, 7141.963040755145	407.1917127972414	-14.269897256328477	0
641, 7103.595290350212	396.7334780030307	-38.36775040493285	0
642, 7212.1272355525325	410.6324765378102	108.53194520232046	0
643, 7254.160959423888	406.97761564894523	42.033723871355505	0
644, 7212.437189643721	378.0136791365255	-41.72376978016746	0
645, 7327.62897165969	407.4553516049827	115.1917820159697	0
646, 7373.12811603412	453.7070920155163	45.49914437442931	0
647, 7377.995286596341	411.7983373013507	4.867170562221872	0
648, 7421.301262162776	400.9883748702259	43.30597556643443	0
649, 7519.394258877682	429.8627829162011	98.0929967149059	0
650, 7553.842477132621	426.9781613889625	34.44821825493909	0
651, 7613.285796487745	409.625131348354	59.443319355124004	0
652, 7767.259552062975	457.26098963350955	153.97375557522992	0
653, 7721.640907815456	436.172074944325	-45.618644247519114	0
654, 7805.143414481198	473.5079029410583	83.50250666574266	0
655, 7850.385535763815	428.2417704639417	45.24212128261661	0
656, 7929.580674284731	459.41666577617457	79.19513852091586	0
657, 8004.353907913373	456.47590503225337	74.77323362864263	0
658, 8058.998529709727	477.4588921994441	54.64462179635393	0
659, 7973.953879591593	448.13317898865677	-85.04465011813409	0
660, 8028.7988621559525	475.5497011910698	54.84498256435927	0
661, 7931.836942502584	451.1767823207005	-96.96191965336857	0
662, 8004.453862465337	494.04793018681494	72.61691996275295	0
663, 8005.896729223365	464.95919307064014	1.442866758027776	0
664, 8010.908443262437	458.9628444840394	5.011714039072103	0
665, 8002.240803680693	477.29192388043026	-8.66763958174397	0
666, 8022.999799621029	450.007904109248	20.758995940335808	0
667, 7951.5333936004945	446.2194338875308	-71.46640602053412	0
668, 8014.825295496052	474.33777153200947	63.2919018955572	0
669, 7873.987263758695	454.90386102534154	-140.8380317373567	0
670, 7911.251957005014	450.8287669109926	37.26469324631944	0
671, 7802.214398394596	424.79183225661006	-109.03755861041827	0
672, 7756.182626516494	444.02922360456176	-46.03177187810252	0
673, 7706.488534900143	442.23317121319764	-49.694091616350306	0
674, 7577.9597117667245	428.35891368332614	-128.52882313341888	0
675, 7557.333701616608	459.935979465165	-20.6260101501166	0
676, 7450.7746216835785	425.54404567129563	-106.55907993302935	0
677, 7387.396434231149	425.34693819005895	-63.3781874524293	0
678, 7323.587278268442	401.35736574264564	-63.80915596270734	0
679, 7294.408590395435	416.29754880470585	-29.17868787300722	0
680, 7220.816705140591	443.41054043602605	-73.59188525484387	0
681, 7176.380707542175	393.93168489032234	-44.43599759841618	0
682, 7193.7118135275105	418.2609693335511	17.331105985335853	0
683, 7210.626477338782	389.3902632265084	16.914663811271566	0
684, 7169.27027197616	418.5288558159623	-41.35620536262195	0
685, 7090.318303092429	420.5097614811944	-78.95196888373084	0
686, 7128.441341378514	403.6222046949851	38.12303828608492	0
687, 7108.830454407976	441.3804383086889	-19.61088697053856	0
688, 7136.79861811983	431.24647525234883	27.968163711854686	0
689, 7173.446291390999	392.59483847804376	36.64767327116897	0
690, 7177.774953691196	431.54656033756214	4.328662300196811	0
691, 7151.638317348536	443.06326512901956	-26.136636342660495	0
692, 7280.675493691928	432.79909870293	129.03717634339228	0
693, 7345.443725016508	447.8580035737056	64.76823132458048	0
694, 7361.012602193536	420.63866468713184	15.568877177027389	0
695, 7395.620307414005	458.5463010486782	34.60770522046914	0
696, 7418.866490159267	441.64642601280565	23.24618274526256	0
697, 7415.67359564993	436.7838506981206	-3.192894509337748	0
698, 7433.433318507469	460.6055986693415	17.7597228575396	0
699, 7534.483463462472	452.02032498797456	101.0501449550029	0
700, 7654.577698629587	378.6902233081642	120.09423516711468	0
701, 7680.457129839073	459.27028378587323	25.87943120948603	0
702, 7667.574898527719	396.874310346788	-12.88223131135419	0
703, 7754.022410743259	425.18021588419913	86.44751221553997	0
704, 7809.5332132641215	446.4459854054566	55.51080252086285	0
705, 7861.203603561715	435.4991863675189	51.67039029759326	0
706, 7880.252481851411	440.33292463220135	19.048878289696404	0
707, 7957.579020692291	444.5609788995013	77.32653884087995	0
708, 7982.314814660628	448.6879766620864	24.73579396833702	0
709, 8005.113321992682	500.11792786111545	22.798507332054214	0
710, 8016.830749745919	471.79745341077256	11.717427753236734	0
711, 8224.654432628779	503.7922510781973	207.82368288285943	0
712, 8244.019286400397	515.2166319167595	19.364853771618073	0
713, 8221.364469136746	508.89643756647735	-22.65481726365033	0
714, 8315.906306834477	449.4781834960545	94.54183769773044	0
715, 8439.45377651397	499.5816344408146	123.54746967949359	0
716, 8540.687621146533	472.4551686809921	101.23384463256298	0
717, 8599.637987142836	468.8495535718513	58.950365996302935	0
718, 8769.341661099004	546.5479299545868	169.70367395616813	0
719, 8784.290900031841	521.9795362959902	14.949238932837034	0
720, 8853.24725506598	503.43681973672517	68.95635503413905	0
721, 8919.223023572153	542.1934065087988	65.97576850617224	0
722, 9066.901522059241	524.5979707347326	147.6784984870883	0
723, 9010.648729391609	496.84399515056265	-56.25279266763209	0
724, 9199.428232494707	524.7474492284472	188.77950310309825	0
725, 9217.712200269161	545.6389647549187	18.28396777445414	0
726, 9130.115563043302	533.5818009267844	-87.59663722585901	0
727, 9051.535126287847	552.0672367200002	-78.5804367554556	0
728, 9117.494603877829	539.4041231183407	65.95947758998227	0
729, 9094.616565060835	516.353977200717	-22.878038816994376	0
730, 8837.832237443745	477.28581736196077	-256.78432761708973	0
731, 8804.377076970384	536.7043568001426	-33.45516047336059	0
732, 8758.97796221469	525.4457644458465	-45.39911475569352	0
733, 8676.512518748756	516.4777348658471	-82.4654434659351	0
734, 8685.775782565423	450.611123739728	9.26326381666695	0
735, 8492.727228599166	473.305960833932	-193.0485539662568	0
736, 8415.597152871096	481.8539185041707	-77.13007572806964	0
737, 8412.147702459775	501.0728198016814	-3.4494504113208677	0
738, 8147.9962248231595	482.9976762183413	-264.1514776366157	0
739, 8105.863749025511	462.4310332955333	-42.13247579764811	0
740, 8109.020683455928	428.8376485955142	3.156934430416186	0
741, 7940.959131404914	435.91824968705123	-168.06155205101368	0
742, 7851.91749202453	477.9979109302228	-89.04163938038437	0
743, 7712.2827666063395	435.3017644717291	-139.6347254181901	0
744, 7659.236164793905	456.5334340871482	-53.046601812434346	0
745, 7598.582267555334	420.43375621068674	-60.65389723857152	0
746, 7474.613680039104	426.58695474485444	-123.96858751622949	0
747, 7384.922797835118	425.8549479659009	-89.6908822039859	0
748, 7234.788206798101	443.38434145208487	-150.13459103701734	0
749, 7244.889879129343	437.3349975247004	10.101672331242298	0
750, 7167.115615533436	427.1207582307884	-77.77426359590754	0
751, 7068.182453587893	403.75238393695776	-98.93316194554245	0
752, 7040.220731363183	369.1413844067291	-27.961722224709774	0
753, 7053.743790169041	392.00649406748084	13.523058805857545	0
754, 6995.921241628787	393.74656848165995	-57.82254854025359	0
755, 6964.8044738838435	414.25550869149555	-31.1167677449439	0
756, 6988.748023029754	398.0035554873351	23.943549145910765	0
757, 7017.190452702364	409.3558472334547	28.44242967261016	0
758, 7133.3425958328535	462.36940522566204	116.1521431304891	0
759, 7104.0059152615195	424.55746929613036	-29.336680571334	0
760, 7022.8559878028145	409.0424051659283	-81.14992745870495	0
761, 7116.266222208115	399.29723084659463	93.4102344053008	0
762, 7243.691548543198	423.54825155445195	127.4253263350829	0
763, 7159.801852876334	399.90024092182347	-83.8896956668641	0
764, 7181.121156110585	411.82436352425884	21.319303234250583	0
765, 7352.139324802872	450.72102741489306	171.01816869228696	0
766, 7343.325301073206	395.3989369323573	-8.814023729665678	0
767, 7496.055951657496	417.15446856425126	152.73065058428983	0
768, 7546.862424744441	426.2374240149376	50.806473086945516	0
769, 7600.015880612524	405.51250765237194	53.15345586808235	0
770, 7602.105317638172	458.8901514246621	2.0894370256482944	0
771, 7679.63709129204	453.56919808370765	77.53177365386819	0
772, 7726.671945379233	446.47105334433047	47.0348540871928	0
773, 7676.792890182273	465.02770323200684	-49.8790551969596	0
774, 7824.7970036066945	447.5978806336528	148.00411342442112	0
775, 7964.753545392071	436.4840139997692	139.95654178537643	0
776, 7943.908672068409	450.1011945042632	-20.844873323661886	0
777, 7921.20296950284	469.19329015105774	-22.70570256556948	0
778, 7966.859061190716	438.89052073352076	45.65609168787614	0
779, 7931.382238505779	478.7604914312327	-35.47682268493645	0
780, 7748.213560634729	460.4400458737364	-183.16867787105002	0
781, 7648.179724420151	435.10562064355963	-100.03383621457851	0
782, 7675.185606828892	442.35105596948415	27.005882408740945	0
783, 7730.954171358443	431.7867148781608	55.76856452955144	0
784, 7657.9076795297715	427.7322930949982	-73.0464918286716	0
785, 7696.248702754395	447.4895834700226	38.341023224623314	0
786, 7673.17289995031	484.1782438823627	-23.07580280408456	0
787, 7646.222143734473	445.49695091860855	-26.95075621583692	0
788, 7383.106596381064	443.43315434581586	-263.11554735340906	0
789, 7463.844835111674	403.8456482932874	80.73823873060974	0
790, 7452.033797503789	389.0784862523805	-11.811037607884828	0
791, 7441.243715202548	439.6041542327138	-10.790082301241455	0
792, 7431.094573876347	395.78104253698064	-10.149141326201061	0
793, 7395.041521745812	474.6662425575114	-36.053052130534525	0
794, 7330.216173673617	418.32312027405465	-64.82534807219508	0
795, 7327.7810166895415	424.9935297653366	-2.4351569840755474	0
796, 7426.361764769165	397.0386558845381	98.58074807962385	0
797, 7332.156154036001	432.6086816546709	-94.20561073316458	0
798, 7359.587926637809	427.3694089989087	27.431772601808007	0
799, 7349.216100291497	455.7459359947015	-10.371826346311536	0
800, 7320.709166293757	406.70249838263436	-28.506933997739907	0
801, 7355.13867957986	424.8620651745802	34.42951328610252	0
802, 7333.385095906269	409.9958235428743	-21.753583673590583	0
803, 7542.943038352708	445.229565837371	209.55794244643857	0
804, 7548.658136443643	429.76367149119545	5.7150980909354985	0
805, 7533.313897354984	421.022001905454	-15.344239088659378	0
806, 7592.799963247388	433.0592136918418	59.48606589240444	0
807, 7517.1376958441315	463.930025159926	-75.66226740325692	0
808, 7535.160320477946	469.438127444194	18.022624633814303	0
809, 7521.826698818303	396.4546772653922	-13.333621659642631	0
810, 7500.226773700917	405.5164076945186	-21.599925117386192	0
811, 7545.868302640964	457.5007459837415	45.641528940047465	0
812, 7513.232000706166	448.14422764704847	-32.63630193479821	0
813, 7565.757692474503	436.45406846996195	52.5256917683364	0
814, 7505.960273841822	403.8078666834042	-59.797418632681	0
815, 7486.5605218852415	439.7932597048897	-19.399751956580076	0
816, 7509.720285989588	446.2257344771273	23.159764104346323	0
817, 7443.065039310314	442.4800293726832	-66.65524667927366	0
818, 7468.990719685783	482.99175588385515	25.9256803754688	0
819, 7541.182798225272	404.6282329867737	72.19207853948865	0
820, 7471.699522124807	425.9202077541772	-69.48327610046454	0
821, 7470.298487474564	420.34735375166264	-1.4010346502427637	0
822, 7408.947819038788	441.9499410273336	-61.35066843577624	0
823, 7395.063060011638	440.4222741768564	-13.884759027149812	0
824, 7459.8475361281435	408.15865947564737	64.78447611650518	0
825, 7651.8946142127625	455.1652850200621	192.047078084619	0
826, 7630.5290685474565	478.21486905818426	-21.365545665305945	0
827, 7641.776605532405	477.338300047455	11.247536984948056	0
828, 7630.110066664247	434.1908713663537	-11.666538868157659	0
829, 7498.696191922346	468.65238660715835	-131.41387474190105	0
830, 7306.403194796589	418.6942552860818	-192.2929971257572	0
831, 7410.215934537012	392.6467509040631	103.81273974042324	0
832, 7452.148773316782	427.0141940680784	41.932838779770464	0
833, 7455.594436059187	435.0004958603578	3.445662742404238	0
834, 7441.074595170946	441.0967227589915	-14.519840888240651	0
835, 7366.866377298768	430.1020547018252	-74.20821787217756	0
836, 7320.212458215547	401.23696029410434	-46.65391908322181	0
837, 7344.978377623021	462.9774588585249	24.76591940747403	0
838, 7303.635966339422	429.9977506896491	-41.34241128359827	0
839, 7326.810005330444	422.46623138225925	23.174038991021916	0
840, 7445.4572927277895	413.2594938151704	118.64728739734528	0
841, 7422.957314538322	454.77856222054606	-22.499978189467583	0
842, 7420.294479094622	421.8161688417946	-2.662835443699805	0
843, 7328.089992385933	395.0421266722868	-92.20448670868882	0
844, 7326.31295380219	432.7837871433816	-1.7770385837429785	0
845, 7562.079491625612	469.9625073442951	235.76653782342146	0
846, 7531.422323207074	426.5881784653302	-30.657168418537367	0
847, 7599.40106432642	433.0198628838709	67.97874111934561	0
848, 7635.386559591074	458.66005690158863	35.985495264653764	0
849, 7704.244246463643	410.96276309170537	68.8576868725695	0
850, 7760.080103886702	427.23933434296987	55.83585742305877	0
851, 7849.615766553013	454.18201969348434	89.5356626663106	0
852, 8068.84650557127	478.19374289409836	219.23073901825774	0
853, 7901.5108458477525	461.2488485438357	-167.3356597235179	0
854, 7926.394580399531	486.3695424854404	24.883734551778616	0
855, 7972.423278359463	460.0532637443319	46.02869795993229	0
856, 7953.767193022187	490.252642097139	-18.656085337276636	0
857, 8013.445586806906	473.6255001157109	59.67839378471945	0
858, 7765.701847545317	417.12486283614345	-247.74373926158933	0
859, 7835.992665008092	411.1750623998983	70.29081746277552	0
860, 7821.390625105862	451.14711286692176	-14.6020399022309	0
861, 7755.441857790095	465.79890548874255	-65.94876731576642	0
862, 7601.540380282255	457.6798436556148	-153.90147750784035	0
863, 7632.0371636526625	413.2319137370011	30.496783370407684	0
864, 7557.28775059712	434.8345875573273	-74.74941305554239	0
865, 7365.564018995394	430.37111821458217	-191.72373160172629	0
866, 7430.87679946526	404.58448409118694	65.31278046986608	0
867, 7454.23268965606	392.7054510802508	23.355890190799983	0
868, 7412.984431172891	410.7529473036253	-41.248258483168684	0
869, 7177.260515042956	413.9845246793356	-235.72391612993488	0
870, 7220.4956656605555	422.78518025724384	43.235150617599174	0
871, 7185.819007623264	417.87010007538896	-34.67665803729142	0
872, 7276.119958549647	373.1700037041932	90.30095092638294	0
873, 7217.3420791738645	422.47142885321097	-58.777879375782504	0
874, 7235.87626702903	411.32498937298817	18.534187855165328	0
875, 7278.801579161071	434.6746140459323	42.925312132040744	0
876, 7262.728212916177	424.0650954491688	-16.073366244893805	0
877, 7313.550738489637	458.72217978575884	50.82252557346055	0
878, 7294.908748091828	461.02736605830415	-18.641990397809423	0
879, 7537.621384977514	483.9881729720481	242.71263688568615	0
880, 7559.428382610006	432.7096214486476	21.806997632492312	0
881, 7574.349204230913	441.6138383359291	14.920821620906281	0
882, 7562.515732311116	475.6589085751927	-11.833471919796466	0
883, 7521.868800310477	438.59890225509645	-40.646932000639026	0
884, 7445.4846611021085	432.1068372756412	-76.38413920836865	0
885, 7291.594243529632	407.0593914023814	-153.8904175724765	0
886, 7410.7353360987945	438.3197051939722	119.14109256916254	0
887, 7517.449797292116	450.6119359096428	106.71446119332177	0
888, 7524.319321053266	411.22564298619596	6.869523761150049	0
889, 7587.516720660921	432.8382335040576	63.197399607654916	0
890, 7511.111686404847	426.85549635300947	-76.40503425607403	0
891, 7549.290174349661	405.3523881779882	38.17848794481415	0
892, 7636.582792472896	447.0906583699842	87.2926181232342	0
893, 7628.6570399974735	474.0811008316082	-7.925752475422087	0
894, 7667.7247576896	427.65313460417974	39.06771769212628	0
895, 7629.94065748251	428.9453031347926	-37.78410020708998	0
896, 7445.929013201735	429.9200267766718	-184.01164428077482	0
897, 7318.7240926082895	450.16161289423405	-127.20492059344542	0
898, 7344.900307572723	433.24829030073136	26.17621496443371	0
899, 7599.932897529762	428.7193607576745	255.0325899570389	0
900, 7657.998766019147	458.1161941050639	58.06586848938514	0
901, 7471.260235174233	452.1664754294397	-186.73853084491475	0
902, 7394.3702670100965	454.21614554828193	-76.88996816413601	0
903, 7435.631507940225	398.4790384494314	41.261240930128224	0
904, 7379.624770903271	447.04820296816484	-56.00673703695338	0
905, 7379.528151684933	420.9647982491751	-0.09661921833867382	0
906, 7426.041182341986	417.2466054908197	46.513030657053605	0
907, 7419.423805283693	419.5054731376892	-6.617377058293641	0
908, 7680.152202351185	420.41319029593865	260.72839706749255	0
909, 7721.72392368428	429.09022343052476	41.5717213330945	0
910, 7589.232089226681	463.1030652207782	-132.491834457599	0
911, 7446.116659817252	432.10101638833027	-143.11542940942854	0
912, 7476.595662571625	439.7505548540331	30.47900275437314	0
913, 7499.043272658194	450.63657819336385	22.447610086568602	0
914, 7498.819838083998	496.03084165592657	-0.22343457419628976	0
915, 7558.511211261214	378.66043900233205	59.69137317721652	0
916, 7503.825338486565	392.6517102509015	-54.6858727746494	0
917, 7475.472733045207	434.40056468857944	-28.35260544135781	0
918, 7502.492263422565	429.94318471693214	27.019530377358024	0
919, 7504.556173843987	421.273225144338	2.063910421422406	0
920, 7541.342851093965	435.7253305766562	36.7866772499774	0
921, 7530.82836922185	493.57477872534025	-10.51448187211463	0
922, 7568.3778941414785	456.4448075182871	37.54952491962831	0
923, 7552.214965913081	421.2571594522903	-16.162928228397504	0
924, 7558.296960883681	438.6040368187693	6.081994970600135	0
925, 7568.567995655026	413.95145262219177	10.271034771344603	0
926, 7546.3015466333645	398.2588281835104	-22.266449021661174	0
927, 7601.4979961830895	456.1472753546328	55.196449549725	0
928, 7582.087933150054	404.03316372236463	-19.41006303303584	0
929, 7631.819499047686	434.2657731766651	49.73156589763221	0
930, 7610.182085320573	443.3326800291969	-21.6374137271132	0
931, 7664.93978582115	441.5218350343589	54.7577005005769	0
932, 7594.881727371316	439.77329820443134	-70.05805844983388	0
933, 7491.355887776878	452.9939909842915	-103.52583959443746	0
934, 7418.760861974824	459.75361642712323	-72.5950258020539	0
935, 7512.247713250863	469.2772595028946	93.48685127603858	0
936, 7453.408509766532	404.79543156260047	-58.83920348433094	0
937, 7529.12079039655	421.52184292228264	75.71228063001763	0
938, 7582.637705488144	446.8088645007107	53.516915091594456	0
939, 7523.143313993678	428.93531024013845	-59.49439149446607	0
940, 7525.970827873483	398.99259337205797	2.8275138798053376	0
941, 7458.8207721151075	393.99789256987424	-67.15005575837586	0
942, 7466.717166126667	429.8693643309031	7.896394011559096	0
943, 7421.048457006332	394.5000046212913	-45.668709120334825	0
944, 7492.810793737613	437.1171061655453	71.76233673128081	0
945, 7527.769265689706	422.49821825585656	34.95847195209353	0
946, 7487.774520454906	440.65220766299234	-39.994745234799666	0
947, 7549.146566137863	423.8204601933208	61.37204568295692	0
948, 7478.474876836114	433.4616637672248	-70.67168930174921	0
949, 7454.408205362513	435.34746596610466	-24.066671473600763	0
950, 7483.275374103511	409.2175478899656	28.86716874099784	0
951, 7480.132098779018	425.94747204657705	-3.1432753244935157	0
952, 7526.07020559875	443.70037247631757	45.93810681973264	0
953, 7574.167155558559	442.50173896498046	48.096949959808626	0
954, 7580.47583797186	415.0889134617093	6.30868241330063	0
955, 7639.876404215764	475.03959521971916	59.400566243903995	0
956, 7525.316786041185	476.7092587690618	-114.55961817457865	0
957, 7639.15497827615	453.6617680345867	113.83819223496539	0
958, 7627.161863079095	450.6777883672108	-11.993115197054976	0
959, 7707.949380735825	453.1623233121263	80.7875176567295	0
960, 7749.815211783045	483.75316592398383	41.86583104722013	0
961, 7680.478588776909	427.2191766163556	-69.3366230061356	0
962, 7763.863394570584	443.54980863560695	83.38480579367479	0
963, 7784.169056753104	454.1417180204225	20.30566218251988	0
964, 7874.851814866873	451.1715495457091	90.68275811376861	0
