1, 11620.75	0	11620.75	0
2, 11611.0	0	-9.75	0
3, 11601.0	0	-10.0	0
4, 11625.75	0	24.75	0
5, 11650.5	0	24.75	0
6, 11754.0	0	103.5	0
7, 11858.4	0	104.4	0
8, 12114.8	0	256.4	0
9, 12301.2	0	186.4	0
10, 12404.4	0	103.2	0
11, 12377.25	0	-27.15	0
12, 12300.2	0	-77.05	0
13, 12339.2	0	39.0	0
14, 12440.2	0	101.0	0
15, 12502.25	0	62.05	0
16, 12508.4	0	6.15	0
17, 12386.6	0	-121.8	0
18, 12174.6	0	-212.0	0
19, 11976.0	0	-198.6	0
20, 11882.8	0	-93.2	0
21, 11857.8	0	-25.0	0
22, 11975.25	0	117.45	0
23, 12052.2	0	76.95	0
24, 12315.0	0	262.8	0
25, 12480.25	0	165.25	0
26, 12565.8	0	85.55	0
27, 12555.75	0	-10.05	0
28, 12556.6666667	0	0.916666666666	0
29, 12427.2	0	-129.466666667	0
30, 12117.25	0	-309.95	0
31, 11860.8	0	-256.45	0
32, 11536.4	0	-324.4	0
33, 11333.75	0	-202.65	0
34, 11231.75	0	-102.0	0
35, 11219.8	0	-11.95	0
36, 11311.4	0	91.6	0
37, 11506.4	0	195.0	0
38, 11663.8	0	157.4	0
39, 11853.0	0	189.2	0
40, 12023.6	0	170.6	0
41, 12118.4	0	94.8	0
42, 12151.5	0	33.1	0
43, 12020.4	0	-131.1	0
44, 11763.8	0	-256.6	0
45, 11296.25	0	-467.55	0
46, 10959.0	0	-337.25	0
47, 10709.25	0	-249.75	0
48, 10297.4	0	-411.85	0
49, 10440.75	0	143.35	0
50, 10514.0	0	73.25	0
51, 10735.2	0	221.2	0
52, 11031.0	0	295.8	0
53, 11354.8	0	323.8	0
54, 11707.25	0	352.45	0
55, 11939.0	0	231.75	0
56, 12149.8	0	210.8	0
57, 12242.2	0	92.4	0
58, 12168.25	0	-73.95	0
59, 11985.8	0	-182.45	0
60, 11805.4	0	-180.4	0
61, 11522.2	0	-283.2	0
62, 11394.5	0	-127.7	0
63, 11316.0	0	-78.5	0
64, 11114.7142857	0	-201.285714286	0
65, 10958.3333333	0	-156.380952381	0
66, 10814.2	0	-144.133333333	0
67, 10671.0	0	-143.2	0
68, 10505.2222222	0	-165.777777778	0
69, 10318.75	0	-186.472222222	0
70, 10614.8	0	296.05	0
71, 10880.0	0	265.2	0
72, 11229.5	0	349.5	0
73, 11593.6	0	364.1	0
74, 11868.8	0	275.2	0
75, 11940.0	0	71.2	0
76, 11843.2	0	-96.8	0
77, 11634.0	0	-209.2	0
78, 11483.0	0	-151.0	0
79, 11316.8	0	-166.2	0
80, 11115.0	0	-201.8	0
81, 10973.4	0	-141.6	0
82, 10931.75	0	-41.65	0
83, 10941.0	0	9.25	0
84, 11017.2	0	76.2	0
85, 11145.6	0	128.4	0
86, 11361.8	0	216.2	0
87, 11505.0	0	143.2	0
88, 11825.75	0	320.75	0
89, 11960.0	0	134.25	0
90, 11999.8333333	0	39.8333333333	0
91, 12065.2	0	65.3666666667	0
92, 12058.75	0	-6.45	0
93, 12057.2	0	-1.55	0
94, 12015.6	0	-41.6	0
95, 11994.5	0	-21.1	0
96, 12037.8	0	43.3	0
97, 12133.2	0	95.4	0
98, 12306.8	0	173.6	0
99, 12507.6666667	0	200.866666667	0
100, 12737.6	0	229.933333333	0
101, 12960.0	0	222.4	0
102, 13147.6	0	187.6	0
103, 13259.5	0	111.9	0
104, 13384.4	0	124.9	0
105, 13488.8	0	104.4	0
106, 13472.75	0	-16.05	0
107, 13295.4	0	-177.35	0
108, 13153.0	0	-142.4	0
109, 12895.25	0	-257.75	0
110, 12668.75	0	-226.5	0
111, 12525.0	0	-143.75	0
112, 12441.1428571	0	-83.8571428571	0
113, 12395.4	0	-45.7428571429	0
114, 12391.6	0	-3.8	0
115, 12393.5	0	1.9	0
116, 12393.4	0	-0.1	0
117, 12399.8	0	6.4	0
118, 12376.75	0	-23.05	0
119, 12255.25	0	-121.5	0
120, 12064.8	0	-190.45	0
121, 11784.0	0	-280.8	0
122, 11495.6	0	-288.4	0
123, 11233.5	0	-262.1	0
124, 11009.4	0	-224.1	0
125, 10814.75	0	-194.65	0
126, 10665.25	0	-149.5	0
127, 10542.3333333	0	-122.916666667	0
128, 10452.5	0	-89.8333333333	0
129, 10455.2	0	2.7	0
130, 10496.0	0	40.8	0
131, 10500.2	0	4.2	0
132, 10551.0	0	50.8	0
133, 10698.4	0	147.4	0
134, 10967.75	0	269.35	0
135, 11240.6	0	272.85	0
136, 11207.8	0	-32.8	0
137, 11064.6666667	0	-143.133333333	0
138, 10831.5	0	-233.166666667	0
139, 10680.7142857	0	-150.785714286	0
140, 10532.75	0	-147.964285714	0
141, 10613.6	0	80.85	0
142, 10612.6666667	0	-0.933333333334	0
143, 10699.0	0	86.3333333333	0
144, 10901.0	0	202.0	0
145, 11309.25	0	408.25	0
146, 11673.0	0	363.75	0
147, 12038.8	0	365.8	0
148, 12397.4	0	358.6	0
149, 12467.75	0	70.35	0
150, 12357.8	0	-109.95	0
151, 12179.5	0	-178.3	0
152, 12005.4	0	-174.1	0
153, 11936.0	0	-69.4	0
154, 11813.6666667	0	-122.333333333	0
155, 11661.75	0	-151.916666667	0
156, 11440.2	0	-221.55	0
157, 11057.2	0	-383.0	0
158, 10824.0	0	-233.2	0
159, 10561.5714286	0	-262.428571429	0
160, 10507.0	0	-54.5714285714	0
161, 10565.8	0	58.8	0
162, 10804.4	0	238.6	0
163, 11133.75	0	329.35	0
164, 11425.4	0	291.65	0
165, 11611.8	0	186.4	0
166, 11633.0	0	21.2	0
167, 11480.6	0	-152.4	0
168, 11361.2	0	-119.4	0
169, 11246.0	0	-115.2	0
170, 11178.8	0	-67.2	0
171, 11219.4	0	40.6	0
172, 11392.0	0	172.6	0
173, 11567.2	0	175.2	0
174, 11780.4	0	213.2	0
175, 12174.0	0	393.6	0
176, 12382.5	0	208.5	0
177, 12471.0	0	88.5	0
178, 12425.4	0	-45.6	0
179, 12255.75	0	-169.65	0
180, 12072.8	0	-182.95	0
181, 11999.5	0	-73.3	0
182, 11896.8	0	-102.7	0
183, 11896.0	0	-0.799999999999	0
184, 11880.8	0	-15.2	0
185, 11990.8	0	110.0	0
186, 12238.2	0	247.4	0
187, 12442.0	0	203.8	0
188, 12712.25	0	270.25	0
189, 12952.1666667	0	239.916666667	0
190, 13125.5	0	173.333333333	0
191, 13220.4	0	94.9	0
192, 13264.25	0	43.85	0
193, 13239.6	0	-24.65	0
194, 13100.0	0	-139.6	0
195, 12914.0	0	-186.0	0
196, 12838.25	0	-75.75	0
197, 12739.6	0	-98.65	0
198, 12629.0	0	-110.6	0
199, 12615.75	0	-13.25	0
200, 12512.6	0	-103.15	0
201, 12450.4	0	-62.2	0
202, 12287.5	0	-162.9	0
203, 12105.4	0	-182.1	0
204, 11907.75	0	-197.65	0
205, 11666.5	0	-241.25	0
206, 11281.6666667	0	-384.833333333	0
207, 10833.8	0	-447.866666667	0
208, 10474.25	0	-359.55	0
209, 10249.6	0	-224.65	0
210, 10122.5	0	-127.1	0
211, 10133.8	0	11.3	0
212, 10140.2	0	6.4	0
213, 10298.75	0	158.55	0
214, 10698.6	0	399.85	0
215, 11124.6	0	426.0	0
216, 11542.4	0	417.8	0
217, 11908.0	0	365.6	0
218, 12173.1666667	0	265.166666667	0
219, 12310.4	0	137.233333333	0
220, 12322.75	0	12.35	0
221, 12212.4	0	-110.35	0
222, 11956.25	0	-256.15	0
223, 11579.6	0	-376.65	0
224, 11218.0	0	-361.6	0
225, 10903.5	0	-314.5	0
226, 10688.3333333	0	-215.166666667	0
227, 10596.1666667	0	-92.1666666667	0
228, 10664.0	0	67.8333333333	0
229, 10878.8	0	214.8	0
230, 11222.2	0	343.4	0
231, 11562.0	0	339.8	0
232, 11889.0	0	327.0	0
233, 12174.8	0	285.8	0
234, 12285.75	0	110.95	0
235, 12139.0	0	-146.75	0
236, 12162.5714286	0	23.5714285714	0
237, 11836.75	0	-325.821428571	0
238, 11724.5	0	-112.25	0
239, 11475.8333333	0	-248.666666667	0
240, 11264.0	0	-211.833333333	0
241, 11082.6	0	-181.4	0
242, 10910.8	0	-171.8	0
243, 10857.6666667	0	-53.1333333333	0
244, 10825.6666667	0	-32.0	0
245, 10856.6	0	30.9333333333	0
246, 10939.0	0	82.4	0
247, 11093.0	0	154.0	0
248, 11363.0	0	270.0	0
249, 11599.0	0	236.0	0
250, 12006.4285714	0	407.428571429	0
251, 12387.25	0	380.821428571	0
252, 12491.2	0	103.95	0
253, 12373.0	0	-118.2	0
254, 12134.5	0	-238.5	0
255, 11837.0	0	-297.5	0
256, 11369.0	0	-468.0	0
257, 11445.0	0	76.0	0
258, 11213.2222222	0	-231.777777778	0
259, 11099.0	0	-114.222222222	0
260, 11013.1666667	0	-85.8333333333	0
261, 10962.0	0	-51.1666666667	0
262, 10886.7142857	0	-75.2857142857	0
263, 11031.6	0	144.885714286	0
264, 11160.6	0	129.0	0
265, 11261.25	0	100.65	0
266, 11463.8	0	202.55	0
267, 11628.6	0	164.8	0
268, 11719.5	0	90.9	0
269, 11777.6	0	58.1	0
270, 11791.5	0	13.9	0
271, 11821.0	0	29.5	0
272, 11815.2	0	-5.8	0
273, 11841.2	0	26.0	0
274, 11876.8	0	35.6	0
275, 11939.0	0	62.2	0
276, 12069.8571429	0	130.857142857	0
277, 12291.6	0	221.742857143	0
278, 12566.5	0	274.9	0
279, 12797.0	0	230.5	0
280, 13008.4	0	211.4	0
281, 13196.2	0	187.8	0
282, 13303.0	0	106.8	0
283, 13400.875	0	97.875	0
284, 13583.8	0	182.925	0
285, 13612.75	0	28.95	0
286, 13495.2	0	-117.55	0
287, 13228.5	0	-266.7	0
288, 13033.75	0	-194.75	0
289, 12847.4	0	-186.35	0
290, 12788.0	0	-59.4	0
291, 12716.5	0	-71.5	0
292, 12715.0	0	-1.5	0
293, 12698.6	0	-16.4	0
294, 12672.0	0	-26.6	0
295, 12636.75	0	-35.25	0
296, 12603.4	0	-33.35	0
297, 12493.6	0	-109.8	0
298, 12256.0	0	-237.6	0
299, 12182.0	0	-74.0	0
300, 11912.0	0	-270.0	0
301, 11538.0	0	-374.0	0
302, 11327.0	0	-211.0	0
303, 10953.75	0	-373.25	0
304, 10714.8	0	-238.95	0
305, 10528.5	0	-186.3	0
306, 10417.0	0	-111.5	0
307, 10338.8333333	0	-78.1666666667	0
308, 10268.75	0	-70.0833333333	0
309, 10372.4	0	103.65	0
310, 10424.0	0	51.6	0
311, 10635.0	0	211.0	0
312, 10968.8	0	333.8	0
313, 11237.0	0	268.2	0
314, 11344.0	0	107.0	0
315, 11262.125	0	-81.875	0
316, 11073.0	0	-189.125	0
317, 10871.75	0	-201.25	0
318, 10673.6	0	-198.15	0
319, 10635.0	0	-38.6	0
320, 10605.875	0	-29.125	0
321, 10617.4	0	11.525	0
322, 10764.0	0	146.6	0
323, 10784.7142857	0	20.7142857143	0
324, 11117.0	0	332.285714286	0
325, 11593.7142857	0	476.714285714	0
326, 12048.75	0	455.035714286	0
327, 12347.6666667	0	298.916666667	0
328, 12457.0	0	109.333333333	0
329, 12402.25	0	-54.75	0
330, 12216.25	0	-186.0	0
331, 12026.0	0	-190.25	0
332, 11840.8	0	-185.2	0
333, 11846.0	0	5.2	0
334, 11770.6666667	0	-75.3333333333	0
335, 11605.875	0	-164.791666667	0
336, 11203.0	0	-402.875	0
337, 10906.25	0	-296.75	0
338, 10814.0	0	-92.25	0
339, 10580.125	0	-233.875	0
340, 10480.2	0	-99.925	0
341, 10673.0	0	192.8	0
342, 10903.4	0	230.4	0
343, 11389.5	0	486.1	0
344, 11882.2	0	492.7	0
345, 11933.4	0	51.2	0
346, 11845.5	0	-87.9	0
347, 11692.8	0	-152.7	0
348, 11546.2	0	-146.6	0
349, 11473.2	0	-73.0	0
350, 11519.25	0	46.05	0
351, 11583.4	0	64.15	0
352, 11782.3333333	0	198.933333333	0
353, 11939.25	0	156.916666667	0
354, 12237.6	0	298.35	0
355, 12533.8333333	0	296.233333333	0
356, 12639.2	0	105.366666667	0
357, 12549.6666667	0	-89.5333333333	0
358, 12348.8	0	-200.866666667	0
359, 12068.2	0	-280.6	0
360, 11973.2	0	-95.0	0
361, 11831.5	0	-141.7	0
362, 11751.625	0	-79.875	0
363, 11711.8	0	-39.825	0
364, 11766.0	0	54.2	0
365, 11980.2222222	0	214.222222222	0
366, 12370.0	0	389.777777778	0
367, 12550.0	0	180.0	0
368, 12736.1428571	0	186.142857143	0
369, 12801.75	0	65.6071428571	0
370, 12723.0	0	-78.75	0
371, 12737.0	0	14.0	0
372, 12853.7142857	0	116.714285714	0
373, 12928.8	0	75.0857142857	0
374, 12779.0	0	-149.8	0
375, 12578.3333333	0	-200.666666667	0
376, 12349.6666667	0	-228.666666667	0
377, 12085.8	0	-263.866666667	0
378, 12014.6	0	-71.2	0
379, 11924.0	0	-90.6	0
380, 11930.5	0	6.5	0
381, 11981.0	0	50.5	0
382, 12023.75	0	42.75	0
383, 12221.0	0	197.25	0
384, 12470.4	0	249.4	0
385, 12500.2	0	29.8	0
386, 12548.3333333	0	48.1333333333	0
387, 12421.0	0	-127.333333333	0
388, 12233.4	0	-187.6	0
389, 12030.0	0	-203.4	0
390, 11760.0	0	-270.0	0
391, 11419.0	0	-341.0	0
392, 10947.6666667	0	-471.333333333	0
393, 10554.5	0	-393.166666667	0
394, 10376.0	0	-178.5	0
395, 10244.0	0	-132.0	0
396, 10234.0	0	-10.0	0
397, 10346.1666667	0	112.166666667	0
398, 10667.75	0	321.583333333	0
399, 10977.0	0	309.25	0
400, 11379.8	0	402.8	0
401, 11566.8	0	187.0	0
402, 11589.0	0	22.2	0
403, 11561.6	0	-27.4	0
404, 11281.2857143	0	-280.314285714	0
405, 10817.6	0	-463.685714286	0
406, 10532.25	0	-285.35	0
407, 10179.25	0	-353.0	0
408, 10307.25	0	128.0	0
409, 10330.1666667	0	22.9166666667	0
410, 10458.0	0	127.833333333	0
411, 10632.0	0	174.0	0
412, 11087.2	0	455.2	0
413, 11523.8	0	436.6	0
414, 11907.5	0	383.7	0
415, 12054.0	0	146.5	0
416, 12171.5714286	0	117.571428571	0
417, 12118.6666667	0	-52.9047619048	0
418, 11932.4	0	-186.266666667	0
419, 11455.3333333	0	-477.066666667	0
420, 11323.5	0	-131.833333333	0
421, 11144.4	0	-179.1	0
422, 10958.75	0	-185.65	0
423, 10917.8	0	-40.95	0
424, 10853.6	0	-64.2	0
425, 10822.0	0	-31.6	0
426, 10821.0	0	-1.0	0
427, 10876.1666667	0	55.1666666667	0
428, 11087.3333333	0	211.166666667	0
429, 11384.0	0	296.666666667	0
430, 11741.0	0	357.0	0
431, 12139.5	0	398.5	0
432, 12416.0	0	276.5	0
433, 12568.5	0	152.5	0
434, 12554.0	0	-14.5	0
435, 12309.4	0	-244.6	0
436, 11959.75	0	-349.65	0
437, 11636.2	0	-323.55	0
438, 11402.0	0	-234.2	0
439, 11158.25	0	-243.75	0
440, 11083.8	0	-74.45	0
441, 10948.4	0	-135.4	0
442, 10891.0	0	-57.4	0
443, 10919.75	0	28.75	0
444, 11002.2	0	82.45	0
445, 11179.8	0	177.6	0
446, 11403.6666667	0	223.866666667	0
447, 11557.4	0	153.733333333	0
448, 11904.6666667	0	347.266666667	0
449, 12071.6666667	0	167.0	0
450, 12142.5	0	70.8333333333	0
451, 12176.125	0	33.625	0
452, 12153.0	0	-23.125	0
453, 12086.8	0	-66.2	0
454, 12043.25	0	-43.55	0
455, 11949.5	0	-93.75	0
456, 11930.4	0	-19.1	0
457, 11960.0	0	29.6	0
458, 12017.5	0	57.5	0
459, 12225.8571429	0	208.357142857	0
460, 12501.0	0	275.142857143	0
461, 12725.2857143	0	224.285714286	0
462, 13021.6	0	296.314285714	0
463, 13186.3333333	0	164.733333333	0
464, 13308.0	0	121.666666667	0
465, 13462.6	0	154.6	0
466, 13540.6666667	0	78.0666666667	0
467, 13542.3333333	0	1.66666666667	0
468, 13349.75	0	-192.583333333	0
469, 13149.4	0	-200.35	0
470, 12947.25	0	-202.15	0
471, 12696.2	0	-251.05	0
472, 12589.2	0	-107.0	0
473, 12485.75	0	-103.45	0
474, 12472.0	0	-13.75	0
475, 12495.5	0	23.5	0
476, 12482.5	0	-13.0	0
477, 12503.6666667	0	21.1666666667	0
478, 12465.0	0	-38.6666666667	0
479, 12406.5	0	-58.5	0
480, 12264.4285714	0	-142.071428571	0
481, 12097.0	0	-167.428571429	0
482, 11864.6	0	-232.4	0
483, 11657.5	0	-207.1	0
484, 11345.0	0	-312.5	0
485, 11003.6	0	-341.4	0
486, 10828.5	0	-175.1	0
487, 10717.8	0	-110.7	0
488, 10614.4	0	-103.4	0
489, 10588.5	0	-25.9	0
490, 10555.6	0	-32.9	0
491, 10521.75	0	-33.85	0
492, 10656.0	0	134.25	0
493, 10713.2	0	57.2	0
494, 10831.5	0	118.3	0
495, 11025.0	0	193.5	0
496, 11177.0	0	152.0	0
497, 11166.375	0	-10.625	0
498, 10985.4	0	-180.975	0
499, 10884.75	0	-100.65	0
500, 10768.8	0	-115.95	0
501, 10687.0	0	-81.8	0
502, 10573.625	0	-113.375	0
503, 10594.0	0	20.375	0
504, 10630.5	0	36.5	0
505, 10769.2857143	0	138.785714286	0
506, 11003.2	0	233.914285714	0
507, 11378.6	0	375.4	0
508, 11743.2	0	364.6	0
509, 11976.0	0	232.8	0
510, 12100.75	0	124.75	0
511, 12163.5714286	0	62.8214285714	0
512, 12017.8	0	-145.771428571	0
513, 11743.4	0	-274.4	0
514, 11367.4	0	-376.0	0
515, 11013.75	0	-353.65	0
516, 10892.0	0	-121.75	0
517, 10541.75	0	-350.25	0
518, 10332.5	0	-209.25	0
519, 10268.0	0	-64.5	0
520, 10470.6	0	202.6	0
521, 10639.25	0	168.65	0
522, 10912.8	0	273.55	0
523, 11105.0	0	192.2	0
524, 11457.0	0	352.0	0
525, 11763.25	0	306.25	0
526, 11844.0	0	80.75	0
527, 11585.2	0	-258.8	0
528, 11591.0	0	5.8	0
529, 11419.6	0	-171.4	0
530, 11300.75	0	-118.85	0
531, 11230.2	0	-70.55	0
532, 11221.2	0	-9.0	0
533, 11317.0	0	95.8	0
534, 11468.0	0	151.0	0
535, 11723.0	0	255.0	0
536, 11959.25	0	236.25	0
537, 12293.8	0	334.55	0
538, 12557.75	0	263.95	0
539, 12774.8	0	217.05	0
540, 12778.75	0	3.95	0
541, 12727.2	0	-51.55	0
542, 12591.2	0	-136.0	0
543, 12509.75	0	-81.45	0
544, 12335.6	0	-174.15	0
545, 12240.25	0	-95.35	0
546, 12287.25	0	47.0	0
547, 12349.2	0	61.95	0
548, 12415.0	0	65.8	0
549, 12392.8	0	-22.2	0
550, 12307.75	0	-85.05	0
551, 12253.2	0	-54.55	0
552, 12205.25	0	-47.95	0
553, 12252.2	0	46.95	0
554, 12413.75	0	161.55	0
555, 12488.5	0	74.75	0
556, 12573.2	0	84.7	0
557, 12633.25	0	60.05	0
558, 12708.2	0	74.95	0
559, 12764.4	0	56.2	0
560, 12673.25	0	-91.15	0
561, 12552.8	0	-120.45	0
562, 12381.6	0	-171.2	0
563, 12279.75	0	-101.85	0
564, 12166.5	0	-113.25	0
565, 12072.25	0	-94.25	0
566, 12061.0	0	-11.25	0
567, 12033.1666667	0	-27.8333333333	0
568, 12035.25	0	2.08333333333	0
569, 11958.2	0	-77.05	0
570, 11779.0	0	-179.2	0
571, 11586.0	0	-193.0	0
572, 11344.6666667	0	-241.333333333	0
573, 11234.5	0	-110.166666667	0
574, 11004.25	0	-230.25	0
575, 10627.8333333	0	-376.416666667	0
576, 10510.0	0	-117.833333333	0
577, 10175.75	0	-334.25	0
578, 10091.0	0	-84.75	0
579, 10012.2	0	-78.8	0
580, 10243.0	0	230.8	0
581, 10767.0	0	524.0	0
582, 11341.0	0	574.0	0
583, 11647.6	0	306.6	0
584, 11986.6	0	339.0	0
585, 12175.0	0	188.4	0
586, 12229.6	0	54.6	0
587, 12140.0	0	-89.6	0
588, 11908.25	0	-231.75	0
589, 11587.25	0	-321.0	0
590, 11183.4	0	-403.85	0
591, 10839.75	0	-343.65	0
592, 10632.8	0	-206.95	0
593, 10604.0	0	-28.8	0
594, 10648.0	0	44.0	0
595, 10835.0	0	187.0	0
596, 11145.6	0	310.6	0
597, 11501.0	0	355.4	0
598, 11753.75	0	252.75	0
599, 12031.8	0	278.05	0
600, 12237.75	0	205.95	0
601, 12288.6	0	50.85	0
602, 12185.75	0	-102.85	0
603, 12031.0	0	-154.75	0
604, 11757.4	0	-273.6	0
605, 11497.25	0	-260.15	0
606, 11323.0	0	-174.25	0
607, 11121.2	0	-201.8	0
608, 10895.8	0	-225.4	0
609, 10809.5	0	-86.3	0
610, 10803.3333333	0	-6.16666666667	0
611, 10763.8	0	-39.5333333333	0
612, 10859.6	0	95.8	0
613, 10955.0	0	95.4	0
614, 11040.25	0	85.25	0
615, 11478.8	0	438.55	0
616, 11904.6	0	425.8	0
617, 12092.0	0	187.4	0
618, 12496.8333333	0	404.833333333	0
619, 12629.0	0	132.166666667	0
620, 12429.5	0	-199.5	0
621, 12220.75	0	-208.75	0
622, 11956.0	0	-264.75	0
623, 11634.0	0	-322.0	0
624, 11403.6666667	0	-230.333333333	0
625, 11220.2	0	-183.466666667	0
626, 11072.8	0	-147.4	0
627, 10956.8	0	-116.0	0
628, 10927.75	0	-29.05	0
629, 10939.4	0	11.65	0
630, 11031.0	0	91.6	0
631, 11202.0	0	171.0	0
632, 11329.7142857	0	127.714285714	0
633, 11593.75	0	264.035714286	0
634, 11757.2	0	163.45	0
635, 11842.75	0	85.55	0
636, 11853.6666667	0	10.9166666667	0
637, 11836.3333333	0	-17.3333333333	0
638, 11747.0	0	-89.3333333333	0
639, 11818.8	0	71.8	0
640, 11813.0	0	-5.8	0
641, 11715.3333333	0	-97.6666666667	0
642, 11982.2	0	266.866666667	0
643, 12157.2	0	175.0	0
644, 12346.75	0	189.55	0
645, 12609.75	0	263.0	0
646, 12860.3333333	0	250.583333333	0
647, 13075.8333333	0	215.5	0
648, 13225.0	0	149.166666667	0
649, 13263.6	0	38.6	0
650, 13296.3333333	0	32.7333333333	0
651, 13374.6666667	0	78.3333333333	0
652, 13484.6666667	0	110.0	0
653, 13672.75	0	188.083333333	0
654, 13777.5	0	104.75	0
655, 13708.0	0	-69.5	0
656, 13489.4	0	-218.6	0
657, 13348.0	0	-141.4	0
658, 13201.1666667	0	-146.833333333	0
659, 13062.2	0	-138.966666667	0
660, 12915.8	0	-146.4	0
661, 12799.5555556	0	-116.244444444	0
662, 12639.4	0	-160.155555556	0
663, 12562.0	0	-77.4	0
664, 12537.1666667	0	-24.8333333333	0
665, 12476.0	0	-61.1666666667	0
666, 12401.6666667	0	-74.3333333333	0
667, 12289.0	0	-112.666666667	0
668, 12141.6666667	0	-147.333333333	0
669, 11950.25	0	-191.416666667	0
670, 11544.375	0	-405.875	0
671, 11120.2	0	-424.175	0
672, 10923.25	0	-196.95	0
673, 10784.25	0	-139.0	0
674, 10678.8333333	0	-105.416666667	0
675, 10653.75	0	-25.0833333333	0
676, 10602.0	0	-51.75	0
677, 10578.0	0	-24.0	0
678, 10687.4	0	109.4	0
679, 10710.75	0	23.35	0
680, 10741.75	0	31.0	0
681, 10927.0	0	185.25	0
682, 10986.3333333	0	59.3333333333	0
683, 11195.2	0	208.866666667	0
684, 11134.8	0	-60.4	0
685, 11076.75	0	-58.05	0
686, 10858.4	0	-218.35	0
687, 10664.4	0	-194.0	0
688, 10455.0	0	-209.4	0
689, 10314.25	0	-140.75	0
690, 10213.8	0	-100.45	0
691, 10336.2	0	122.4	0
692, 10456.3333333	0	120.133333333	0
693, 10707.8	0	251.466666667	0
694, 11041.8333333	0	334.033333333	0
695, 11367.6666667	0	325.833333333	0
696, 11709.4	0	341.733333333	0
697, 11931.75	0	222.35	0
698, 11926.0	0	-5.75	0
699, 11815.5	0	-110.5	0
700, 11489.1666667	0	-326.333333333	0
701, 11075.25	0	-413.916666667	0
702, 10741.0	0	-334.25	0
703, 10575.0	0	-166.0	0
704, 10360.5714286	0	-214.428571429	0
705, 10319.0	0	-41.5714285714	0
706, 10431.8	0	112.8	0
707, 10491.0	0	59.2	0
708, 10700.0	0	209.0	0
709, 11115.2857143	0	415.285714286	0
710, 11547.8	0	432.514285714	0
711, 11848.25	0	300.45	0
712, 12010.0	0	161.75	0
713, 11991.25	0	-18.75	0
714, 11852.0	0	-139.25	0
715, 11637.5	0	-214.5	0
716, 11477.4285714	0	-160.071428571	0
717, 11307.25	0	-170.178571429	0
718, 11232.0	0	-75.25	0
719, 11285.0	0	53.0	0
720, 11414.0	0	129.0	0
721, 11515.3333333	0	101.333333333	0
722, 11817.7142857	0	302.380952381	0
723, 12161.0	0	343.285714286	0
724, 12433.1428571	0	272.142857143	0
725, 12553.0	0	119.857142857	0
726, 12881.5	0	328.5	0
727, 13078.1428571	0	196.642857143	0
728, 13067.0	0	-11.1428571429	0
729, 12925.8571429	0	-141.142857143	0
730, 12604.2	0	-321.657142857	0
731, 12376.0	0	-228.2	0
732, 12171.8	0	-204.2	0
733, 12079.25	0	-92.55	0
734, 12075.3333333	0	-3.91666666667	0
735, 12098.6	0	23.2666666667	0
736, 12200.0	0	101.4	0
737, 12354.8333333	0	154.833333333	0
738, 12475.0	0	120.166666667	0
739, 12648.25	0	173.25	0
740, 12792.7142857	0	144.464285714	0
741, 12821.25	0	28.5357142857	0
742, 12886.3333333	0	65.0833333333	0
743, 12928.8571429	0	42.5238095238	0
744, 12978.0	0	49.1428571429	0
745, 12865.8333333	0	-112.166666667	0
746, 12630.2857143	0	-235.547619048	0
747, 12496.5	0	-133.785714286	0
748, 12392.25	0	-104.25	0
749, 12379.0	0	-13.25	0
750, 12321.6666667	0	-57.3333333333	0
751, 12272.8333333	0	-48.8333333333	0
752, 12216.0	0	-56.8333333333	0
753, 12175.6	0	-40.4	0
754, 12079.6	0	-96.0	0
755, 11840.0	0	-239.6	0
756, 11450.75	0	-389.25	0
757, 11378.5	0	-72.25	0
758, 11090.8	0	-287.7	0
759, 10683.7142857	0	-407.085714286	0
760, 10321.6	0	-362.114285714	0
761, 10106.75	0	-214.85	0
762, 9982.8	0	-123.95	0
763, 9978.75	0	-4.05	0
764, 10062.0	0	83.25	0
765, 10278.75	0	216.75	0
766, 10699.3333333	0	420.583333333	0
767, 11044.0	0	344.666666667	0
768, 11581.4	0	537.4	0
769, 11881.75	0	300.35	0
770, 12081.4	0	199.65	0
771, 12239.0	0	157.6	0
772, 12307.6666667	0	68.6666666667	0
773, 12220.0	0	-87.6666666667	0
774, 12053.0	0	-167.0	0
775, 11708.875	0	-344.125	0
776, 11199.0	0	-509.875	0
777, 10844.5	0	-354.5	0
778, 10529.5	0	-315.0	0
779, 10410.1666667	0	-119.333333333	0
780, 10433.0	0	22.8333333333	0
781, 10448.6	0	15.6	0
782, 10718.7142857	0	270.114285714	0
783, 11024.25	0	305.535714286	0
784, 11468.2	0	443.95	0
785, 11800.5	0	332.3	0
786, 12053.4	0	252.9	0
787, 12113.0	0	59.6	0
788, 12212.5	0	99.5	0
789, 11965.3333333	0	-247.166666667	0
790, 11791.75	0	-173.583333333	0
791, 11585.0	0	-206.75	0
792, 11351.2	0	-233.8	0
793, 11100.8	0	-250.4	0
794, 10897.0	0	-203.8	0
795, 10838.75	0	-58.25	0
796, 10752.5	0	-86.25	0
797, 10772.75	0	20.25	0
798, 10757.2	0	-15.55	0
799, 10992.6	0	235.4	0
800, 11218.5	0	225.9	0
801, 11585.8	0	367.3	0
802, 11937.25	0	351.45	0
803, 12272.5	0	335.25	0
804, 12560.0	0	287.5	0
805, 12749.5	0	189.5	0
806, 12793.0	0	43.5	0
807, 12591.5714286	0	-201.428571429	0
808, 11960.0	0	-631.571428571	0
809, 11711.5	0	-248.5	0
810, 11388.4	0	-323.1	0
811, 11292.2	0	-96.2	0
812, 11140.2	0	-152.0	0
813, 11035.0	0	-105.2	0
814, 10931.0	0	-104.0	0
815, 10948.75	0	17.75	0
816, 11030.4	0	81.65	0
817, 11118.5	0	88.1	0
818, 11251.0	0	132.5	0
819, 11460.1666667	0	209.166666667	0
820, 11694.5714286	0	234.404761905	0
821, 11830.6	0	136.028571429	0
822, 11849.5	0	18.9	0
823, 11901.2	0	51.7	0
824, 11875.8	0	-25.4	0
825, 11847.0	0	-28.8	0
826, 11836.0	0	-11.0	0
827, 11826.75	0	-9.25	0
828, 11886.25	0	59.5	0
829, 11995.6	0	109.35	0
830, 12272.0	0	276.4	0
831, 12546.6	0	274.6	0
832, 12882.0	0	335.4	0
833, 13108.8333333	0	226.833333333	0
834, 13225.0	0	116.166666667	0
835, 13314.6666667	0	89.6666666667	0
836, 13409.6666667	0	95.0	0
837, 13524.8	0	115.133333333	0
838, 13670.2	0	145.4	0
839, 13668.0	0	-2.2	0
840, 13476.8	0	-191.2	0
841, 13268.0	0	-208.8	0
842, 13066.2	0	-201.8	0
843, 12908.8	0	-157.4	0
844, 12822.6	0	-86.2	0
845, 12716.8	0	-105.8	0
846, 12657.5	0	-59.3	0
847, 12606.2857143	0	-51.2142857143	0
848, 12517.6666667	0	-88.619047619	0
849, 12501.0	0	-16.6666666667	0
850, 12370.3333333	0	-130.666666667	0
851, 12403.8571429	0	33.5238095238	0
852, 12183.0	0	-220.857142857	0
853, 11878.25	0	-304.75	0
854, 11554.8	0	-323.45	0
855, 11223.8	0	-331.0	0
856, 10980.6666667	0	-243.133333333	0
857, 10744.8333333	0	-235.833333333	0
858, 10586.3333333	0	-158.5	0
859, 10506.0	0	-80.3333333333	0
860, 10377.6	0	-128.4	0
861, 10335.8	0	-41.8	0
862, 10314.75	0	-21.05	0
863, 10398.75	0	84.0	0
864, 10633.3333333	0	234.583333333	0
865, 10903.4	0	270.066666667	0
866, 11233.6	0	330.2	0
867, 11428.0	0	194.4	0
868, 11361.75	0	-66.25	0
869, 11120.4	0	-241.35	0
870, 10890.8	0	-229.6	0
871, 10736.25	0	-154.55	0
872, 10615.8	0	-120.45	0
873, 10491.75	0	-124.05	0
874, 10594.75	0	103.0	0
875, 10684.0	0	89.25	0
876, 10962.4	0	278.4	0
877, 11278.25	0	315.85	0
878, 11644.6	0	366.35	0
879, 12048.25	0	403.65	0
880, 12269.75	0	221.5	0
881, 12475.0	0	205.25	0
882, 12490.25	0	15.25	0
883, 12379.4	0	-110.85	0
884, 12267.0	0	-112.4	0
885, 12141.4	0	-125.6	0
886, 12090.8	0	-50.6	0
887, 11822.6	0	-268.2	0
888, 11510.0	0	-312.6	0
889, 11169.75	0	-340.25	0
890, 10863.6	0	-306.15	0
891, 10606.75	0	-256.85	0
892, 10450.8	0	-155.95	0
893, 10446.6	0	-4.2	0
894, 10514.25	0	67.65	0
895, 10678.75	0	164.5	0
896, 10898.0	0	219.25	0
897, 11205.3333333	0	307.333333333	0
898, 11598.2	0	392.866666667	0
899, 11778.75	0	180.55	0
900, 11859.8	0	81.05	0
901, 11728.0	0	-131.8	0
902, 11591.75	0	-136.25	0
903, 11539.6	0	-52.15	0
904, 11572.75	0	33.15	0
905, 11658.6	0	85.85	0
906, 11823.2	0	164.6	0
907, 12044.0	0	220.8	0
908, 12346.0	0	302.0	0
909, 12462.1666667	0	116.166666667	0
910, 12373.8	0	-88.3666666667	0
911, 12155.0	0	-218.8	0
912, 11905.0	0	-250.0	0
913, 11642.75	0	-262.25	0
914, 11827.4	0	184.65	0
915, 11831.4	0	4.0	0
916, 11876.0	0	44.6	0
917, 12020.25	0	144.25	0
918, 12144.25	0	124.0	0
919, 12401.0	0	256.75	0
920, 12693.8	0	292.8	0
921, 12973.0	0	279.2	0
922, 13147.2	0	174.2	0
923, 13253.2	0	106.0	0
924, 13353.25	0	100.05	0
925, 13323.0	0	-30.25	0
926, 13192.8	0	-130.2	0
927, 13027.5	0	-165.3	0
928, 12881.75	0	-145.75	0
929, 12780.8	0	-100.95	0
930, 12701.75	0	-79.05	0
931, 12658.8	0	-42.95	0
932, 12652.4	0	-6.4	0
933, 12683.0	0	30.6	0
934, 12736.5	0	53.5	0
935, 12727.8	0	-8.7	0
936, 12661.0	0	-66.8	0
937, 12411.6	0	-249.4	0
938, 12059.0	0	-352.6	0
939, 11722.2	0	-336.8	0
940, 11354.0	0	-368.2	0
941, 10951.4	0	-402.6	0
942, 10739.0	0	-212.4	0
943, 10614.4285714	0	-124.571428571	0
944, 10485.6	0	-128.828571429	0
945, 10626.75	0	141.15	0
946, 10818.0	0	191.25	0
947, 11133.4	0	315.4	0
948, 11418.0	0	284.6	0
949, 11667.1428571	0	249.142857143	0
950, 11922.5	0	255.357142857	0
951, 12015.0	0	92.5	0
952, 11945.2	0	-69.8	0
953, 11725.0	0	-220.2	0
954, 11448.3333333	0	-276.666666667	0
955, 11072.5	0	-375.833333333	0
956, 10742.2	0	-330.3	0
957, 10552.5	0	-189.7	0
958, 10441.8	0	-110.7	0
959, 10489.5	0	47.7	0
960, 10569.5	0	80.0	0
961, 10724.2857143	0	154.785714286	0
962, 11190.75	0	466.464285714	0
963, 11606.8333333	0	416.083333333	0
964, 12016.2	0	409.366666667	0
965, 12283.75	0	267.55	0
966, 12325.25	0	41.5	0
967, 12323.0	0	-2.25	0
968, 12137.1428571	0	-185.857142857	0
969, 11792.3333333	0	-344.80952381	0
970, 11596.6666667	0	-195.666666667	0
971, 11300.625	0	-296.041666667	0
972, 10999.0	0	-301.625	0
973, 10847.8571429	0	-151.142857143	0
974, 10725.0	0	-122.857142857	0
975, 10664.25	0	-60.75	0
976, 10644.0	0	-20.25	0
977, 10692.0	0	48.0	0
978, 10801.6	0	109.6	0
979, 11167.8333333	0	366.233333333	0
980, 11421.25	0	253.416666667	0
981, 11924.6	0	503.35	0
982, 12171.8	0	247.2	0
983, 12333.5	0	161.7	0
984, 12537.2	0	203.7	0
985, 12794.25	0	257.05	0
986, 12952.2	0	157.95	0
987, 12948.25	0	-3.95	0
988, 12676.8	0	-271.45	0
989, 12224.0	0	-452.8	0
990, 11762.4	0	-461.6	0
991, 11453.0	0	-309.4	0
992, 11212.5	0	-240.5	0
993, 11032.0	0	-180.5	0
994, 10937.4	0	-94.6	0
995, 10920.75	0	-16.65	0
996, 10925.0	0	4.25	0
997, 11091.3333333	0	166.333333333	0
998, 11345.5	0	254.166666667	0
999, 11600.6666667	0	255.166666667	0
1000, 11990.1428571	0	389.476190476	0
1001, 12264.0	0	273.857142857	0
1002, 12371.0	0	107.0	0
1003, 12372.0	0	1.0	0
1004, 12316.2	0	-55.8	0
1005, 12201.5	0	-114.7	0
1006, 12035.375	0	-166.125	0
1007, 11845.4	0	-189.975	0
1008, 11757.0	0	-88.4	0
1009, 11737.0	0	-20.0	0
1010, 11830.0	0	93.0	0
1011, 12070.3333333	0	240.333333333	0
1012, 12253.0	0	182.666666667	0
1013, 12533.5	0	280.5	0
1014, 12873.0	0	339.5	0
1015, 13082.75	0	209.75	0
1016, 13265.0	0	182.25	0
1017, 13349.0	0	84.0	0
1018, 13471.0	0	122.0	0
1019, 13596.75	0	125.75	0
1020, 13662.2	0	65.45	0
1021, 13636.5	0	-25.7	0
1022, 13440.8	0	-195.7	0
1023, 13239.2	0	-201.6	0
1024, 13065.25	0	-173.95	0
1025, 12911.8	0	-153.45	0
1026, 12793.0	0	-118.8	0
1027, 12723.6666667	0	-69.3333333333	0
1028, 12558.2857143	0	-165.380952381	0
1029, 12427.6	0	-130.685714286	0
1030, 12356.6666667	0	-70.9333333333	0
1031, 12304.2	0	-52.4666666667	0
1032, 12283.0	0	-21.2	0
1033, 12262.5	0	-20.5	0
1034, 12189.0	0	-73.5	0
1035, 12043.5	0	-145.5	0
1036, 11823.1428571	0	-220.357142857	0
1037, 11436.0	0	-387.142857143	0
1038, 11143.4	0	-292.6	0
1039, 10960.75	0	-182.65	0
1040, 10855.5	0	-105.25	0
1041, 10752.8571429	0	-102.642857143	0
1042, 10624.25	0	-128.607142857	0
1043, 10585.6	0	-38.65	0
1044, 10561.25	0	-24.35	0
1045, 10557.4	0	-3.85	0
1046, 10578.0	0	20.6	0
1047, 10684.7142857	0	106.714285714	0
1048, 10838.3333333	0	153.619047619	0
1049, 10983.375	0	145.041666667	0
1050, 11140.25	0	156.875	0
1051, 11182.6	0	42.35	0
1052, 11069.0	0	-113.6	0
1053, 10949.1666667	0	-119.833333333	0
1054, 10767.0	0	-182.166666667	0
1055, 10668.8	0	-98.2	0
1056, 10565.3333333	0	-103.466666667	0
1057, 10509.6666667	0	-55.6666666667	0
1058, 10578.0	0	68.3333333333	0
1059, 10695.1666667	0	117.166666667	0
1060, 10850.5	0	155.333333333	0
1061, 11021.0	0	170.5	0
1062, 11379.0	0	358.0	0
1063, 11902.0	0	523.0	0
1064, 12123.0	0	221.0	0
1065, 12098.0	0	-25.0	0
1066, 12101.3333333	0	3.33333333333	0
1067, 11885.4	0	-215.933333333	0
1068, 11514.5	0	-370.9	0
1069, 11156.0	0	-358.5	0
1070, 10908.3333333	0	-247.666666667	0
1071, 10631.6666667	0	-276.666666667	0
1072, 10428.8	0	-202.866666667	0
1073, 10456.3333333	0	27.5333333333	0
1074, 10550.4	0	94.0666666667	0
1075, 10774.2	0	223.8	0
1076, 11084.2	0	310.0	0
1077, 11429.2	0	345.0	0
1078, 11805.2	0	376.0	0
1079, 11981.2	0	176.0	0
1080, 12010.8	0	29.6	0
1081, 11857.0	0	-153.8	0
1082, 11751.0	0	-106.0	0
1083, 11505.25	0	-245.75	0
1084, 11500.0	0	-5.25	0
1085, 11467.2	0	-32.8	0
1086, 11514.5	0	47.3	0
1087, 11662.5	0	148.0	0
1088, 11919.5	0	257.0	0
1089, 12180.25	0	260.75	0
1090, 12496.6666667	0	316.416666667	0
1091, 12605.2	0	108.533333333	0
1092, 12612.0	0	6.8	0
1093, 12488.875	0	-123.125	0
1094, 12292.0	0	-196.875	0
1095, 12062.5	0	-229.5	0
1096, 11900.6	0	-161.9	0
1097, 11872.0	0	-28.6	0
1098, 11887.0	0	15.0	0
1099, 12117.4	0	230.4	0
1100, 12371.0	0	253.6	0
1101, 12624.25	0	253.25	0
1102, 12871.8	0	247.55	0
1103, 13089.8	0	218.0	0
1104, 13172.0	0	82.2	0
1105, 13285.0	0	113.0	0
1106, 13337.8333333	0	52.8333333333	0
1107, 13288.25	0	-49.5833333333	0
1108, 13161.75	0	-126.5	0
1109, 13054.0	0	-107.75	0
1110, 12935.0	0	-119.0	0
1111, 12803.6666667	0	-131.333333333	0
1112, 12750.0	0	-53.6666666667	0
1113, 12726.25	0	-23.75	0
1114, 12741.0	0	14.75	0
1115, 12708.5714286	0	-32.4285714286	0
1116, 12641.4	0	-67.1714285714	0
1117, 12477.0	0	-164.4	0
1118, 12207.8	0	-269.2	0
1119, 11840.0	0	-367.8	0
1120, 11425.25	0	-414.75	0
1121, 11032.0	0	-393.25	0
1122, 10671.2	0	-360.8	0
1123, 10400.75	0	-270.45	0
1124, 10251.4	0	-149.35	0
1125, 10298.75	0	47.35	0
1126, 10392.3333333	0	93.5833333333	0
1127, 10717.4	0	325.066666667	0
1128, 10888.0	0	170.6	0
1129, 11334.25	0	446.25	0
1130, 11707.8333333	0	373.583333333	0
1131, 11981.5	0	273.666666667	0
1132, 12136.2	0	154.7	0
1133, 12183.25	0	47.05	0
1134, 12074.0	0	-109.25	0
1135, 11744.6	0	-329.4	0
1136, 11344.5	0	-400.1	0
1137, 10924.8	0	-419.7	0
1138, 10608.4	0	-316.4	0
1139, 10460.0	0	-148.4	0
1140, 10470.4	0	10.4	0
1141, 10580.0	0	109.6	0
1142, 10799.0	0	219.0	0
1143, 11145.0	0	346.0	0
1144, 11498.6	0	353.6	0
1145, 11888.5	0	389.9	0
1146, 12116.6	0	228.1	0
1147, 12235.25	0	118.65	0
1148, 12199.0	0	-36.25	0
1149, 12012.5	0	-186.5	0
1150, 11777.0	0	-235.5	0
1151, 11498.6	0	-278.4	0
1152, 11252.0	0	-246.6	0
1153, 11077.0	0	-175.0	0
1154, 10916.75	0	-160.25	0
1155, 10794.8	0	-121.95	0
1156, 10709.6	0	-85.2	0
1157, 10761.4	0	51.8	0
1158, 10824.8	0	63.4	0
1159, 11017.0	0	192.2	0
1160, 11285.0	0	268.0	0
1161, 11681.8	0	396.8	0
1162, 12117.8	0	436.0	0
1163, 12461.4	0	343.6	0
1164, 12690.25	0	228.85	0
1165, 12757.4	0	67.15	0
1166, 12645.5	0	-111.9	0
1167, 12260.4	0	-385.1	0
1168, 11816.4	0	-444.0	0
1169, 11536.0	0	-280.4	0
1170, 11362.6	0	-173.4	0
1171, 11174.4	0	-188.2	0
1172, 11021.75	0	-152.65	0
1173, 10929.3333333	0	-92.4166666667	0
1174, 10917.0	0	-12.3333333333	0
1175, 10966.6	0	49.6	0
1176, 11120.6	0	154.0	0
1177, 11293.6	0	173.0	0
1178, 11561.6	0	268.0	0
1179, 11786.6	0	225.0	0
1180, 11949.25	0	162.65	0
1181, 12011.2	0	61.95	0
1182, 11984.4	0	-26.8	0
1183, 11955.4	0	-29.0	0
1184, 11891.8	0	-63.6	0
1185, 11831.2	0	-60.6	0
1186, 11794.8	0	-36.4	0
1187, 11826.6	0	31.8	0
1188, 11981.75	0	155.15	0
1189, 12212.0	0	230.25	0
1190, 12451.25	0	239.25	0
1191, 12786.0	0	334.75	0
1192, 13019.5	0	233.5	0
1193, 13160.6	0	141.1	0
1194, 13299.75	0	139.15	0
1195, 13330.0	0	30.25	0
1196, 13408.75	0	78.75	0
1197, 13528.8	0	120.05	0
1198, 13656.1428571	0	127.342857143	0
1199, 13659.5	0	3.35714285714	0
1200, 13518.0	0	-141.5	0
1201, 13298.25	0	-219.75	0
1202, 13232.0	0	-66.25	0
1203, 13053.375	0	-178.625	0
1204, 12904.0	0	-149.375	0
1205, 12791.875	0	-112.125	0
1206, 12605.5	0	-186.375	0
1207, 12515.5	0	-90.0	0
1208, 12432.5	0	-83.0	0
1209, 12341.25	0	-91.25	0
1210, 12379.0	0	37.75	0
1211, 12355.8	0	-23.2	0
1212, 12217.8333333	0	-137.966666667	0
1213, 12044.3333333	0	-173.5	0
1214, 11733.3333333	0	-311.0	0
1215, 11374.75	0	-358.583333333	0
1216, 11087.4	0	-287.35	0
1217, 10862.8	0	-224.6	0
1218, 10650.2	0	-212.6	0
1219, 10514.0	0	-136.2	0
1220, 10500.75	0	-13.25	0
1221, 10380.8	0	-119.95	0
1222, 10403.4	0	22.6	0
1223, 10428.8	0	25.4	0
1224, 10479.3333333	0	50.5333333333	0
1225, 10633.0	0	153.666666667	0
1226, 10915.2	0	282.2	0
1227, 11157.5	0	242.3	0
1228, 11245.2	0	87.7	0
1229, 11193.25	0	-51.95	0
1230, 10994.6666667	0	-198.583333333	0
1231, 10883.5	0	-111.166666667	0
1232, 10606.0	0	-277.5	0
1233, 10578.0	0	-28.0	0
1234, 10619.6666667	0	41.6666666667	0
1235, 10667.0	0	47.3333333333	0
1236, 10786.6666667	0	119.666666667	0
1237, 11032.8	0	246.133333333	0
1238, 11370.4	0	337.6	0
1239, 11848.2	0	477.8	0
1240, 12168.3333333	0	320.133333333	0
1241, 12363.6	0	195.266666667	0
1242, 12427.3333333	0	63.7333333333	0
1243, 12351.3333333	0	-76.0	0
1244, 12164.8	0	-186.533333333	0
1245, 12031.5	0	-133.3	0
1246, 11962.0	0	-69.5	0
1247, 11710.125	0	-251.875	0
1248, 11289.25	0	-420.875	0
1249, 10903.25	0	-386.0	0
1250, 10573.8	0	-329.45	0
