1, 6310.219909678552	353.46623590500667	6310.219909678552	0
2, 6431.979635621943	369.8052895429846	121.75972594339146	0
3, 6479.904280577469	376.3343210507026	47.924644955525764	0
4, 6595.296000484585	393.75980776246803	115.39171990711657	0
5, 6852.558436316761	383.59711847251555	257.26243583217547	0
6, 7034.777638721025	384.8858911838131	182.21920240426425	0
7, 7317.816022804645	383.9312853492521	283.03838408362026	0
8, 7601.546070116041	412.2478528024696	283.73004731139554	0
9, 7900.882910659237	465.3868584902835	299.33684054319565	0
10, 8156.736853308924	489.72055480490855	255.85394264968727	0
11, 8386.557892765266	521.8549985371491	229.82103945634208	0
12, 8718.963427434248	496.2661627018468	332.405534668982	0
13, 9017.839186717592	524.6158038728568	298.87575928334445	0
14, 9264.400696760307	572.1413331723562	246.56151004271487	0
15, 9504.639874732578	605.4417357559792	240.23917797227114	0
16, 9857.961066515236	543.3431527511206	353.3211917826575	0
17, 9987.058868996017	549.6511082257756	129.09780248078096	0
18, 9891.768818699116	597.6121665106767	-95.29005029690052	0
19, 10414.550794924802	620.5599367422109	522.7819762256859	0
20, 10349.631608249805	567.8267255217844	-64.91918667499704	0
21, 10337.609130762778	640.5065605839296	-12.022477487027572	0
22, 10394.04184111254	571.5703089420913	56.43271034976169	0
23, 10365.85355856424	629.6047687880596	-28.188282548298957	0
24, 10425.92610573835	580.5174854212235	60.072547174109786	0
25, 10395.209621705486	621.3116693399725	-30.716484032864173	0
26, 10008.830047749769	624.2283679062081	-386.3795739557172	0
27, 10031.032758319572	549.8048186794841	22.202710569803457	0
28, 9939.034304030536	572.4943888434794	-91.99845428903609	0
29, 9650.75823727339	602.1628292466306	-288.2760667571456	0
30, 9474.093984724703	540.3052444612129	-176.66425254868773	0
31, 9373.43319684815	526.9812586684817	-100.66078787655351	0
32, 9092.797332577089	556.4784114623595	-280.6358642710602	0
33, 8870.119088881711	510.2441189818127	-222.67824369537811	0
34, 8794.16642630305	493.33469008543165	-75.95266257866024	0
35, 8515.24168489745	523.815168809617	-278.9247414056008	0
36, 8431.596042952544	457.1942267259523	-83.64564194490595	0
37, 8236.20057903765	473.7182577789535	-195.3954639148942	0
38, 8128.709587482385	481.1685814059673	-107.49099155526437	0
39, 7892.034928026575	460.16414661329424	-236.6746594558108	0
40, 7810.344056185913	451.8802448951731	-81.6908718406612	0
41, 7599.878626703765	414.3870888054529	-210.46542948214847	0
42, 7671.940125914026	471.54466594546705	72.06149921026099	0
43, 7523.877473262633	437.2626951987703	-148.06265265139245	0
44, 7286.000476655107	419.5461060888572	-237.87699660752605	0
45, 7328.928434116376	441.13922742948176	42.927957461268306	0
46, 7390.2796650209675	409.5671093515551	61.35123090459183	0
47, 7099.478631444787	404.71855341550247	-290.8010335761801	0
48, 7120.959654115465	411.80419510541213	21.481022670677703	0
49, 7102.965011654648	381.33389773316173	-17.994642460816976	0
50, 7094.534722009087	407.4464709549957	-8.43028964556106	0
51, 7116.871880178479	426.8573043270273	22.33715816939184	0
52, 7139.025419424491	378.15167155853567	22.15353924601186	0
53, 7089.1578941610005	415.82272611825954	-49.86752526349028	0
54, 7116.793993119972	423.2767942178283	27.63609895897116	0
55, 7175.327922070114	400.710703266335	58.53392895014258	0
56, 7269.128327115038	458.9588649640927	93.80040504492354	0
57, 7258.488763576363	425.7826021183571	-10.639563538674338	0
58, 7300.637491988933	427.48533283520084	42.14872841256965	0
59, 7359.0671169509405	413.49030962569503	58.42962496200744	0
60, 7256.837314962243	446.47251889369414	-102.22980198869755	0
61, 7442.210407931472	420.1292832985608	185.37309296922922	0
62, 7467.445005326628	441.67795668175654	25.234597395156015	0
63, 7490.43624608601	440.93764448432773	22.99124075938198	0
64, 7477.108913184867	464.56108449887006	-13.327332901143564	0
65, 7504.609126048717	449.675339822323	27.50021286385072	0
66, 7456.147690903768	446.44827897759035	-48.461435144949064	0
67, 7510.424521428328	454.78932472174387	54.276830524559955	0
68, 7731.776653934013	466.3712232581366	221.3521325056845	0
69, 7696.491871656875	421.8517567425377	-35.28478227713731	0
70, 7737.240331575554	453.05037477214773	40.748459918678236	0
71, 7654.289357463269	466.0478971231646	-82.95097411228471	0
72, 7614.765313332646	433.8406746622475	-39.524044130623224	0
73, 7604.260463873529	417.0049856188797	-10.504849459116485	0
74, 7616.794098892955	435.9513288363734	12.533635019425674	0
75, 7560.345692100149	446.59761934985113	-56.448406792806054	0
76, 7580.02053251944	463.7708780886173	19.674840419291286	0
77, 7542.07032548082	419.00477126835955	-37.95020703861974	0
78, 7537.071731991776	440.4578390901359	-4.9985934890446515	0
79, 7484.21732541535	426.09792547439633	-52.85440657642539	0
80, 7439.360159998843	430.96212623272396	-44.85716541650709	0
81, 7419.831096285408	452.24613866749394	-19.52906371343488	0
82, 7349.345381746649	444.75160783892744	-70.48571453875957	0
83, 7380.2985550918465	442.4990420932387	30.953173345197683	0
84, 7309.220828775317	443.99291439075785	-71.07772631652915	0
85, 7555.425005404099	446.03623087852696	246.20417662878117	0
86, 7398.441128471627	423.3141708409867	-156.9838769324715	0
87, 7483.147403440804	406.2097607833513	84.70627496917677	0
88, 7451.025406331281	408.20874795258425	-32.121997109522454	0
89, 7325.2277832171685	424.9984364986832	-125.79762311411287	0
90, 7362.016739452982	411.3799585030442	36.7889562358132	0
91, 7309.281710177534	417.40114684096557	-52.73502927544814	0
92, 7321.458932125649	427.85894725947264	12.177221948115402	0
93, 7528.887444171902	434.483326185085	207.42851204625276	0
94, 7552.778253867908	453.01872117669024	23.890809696005817	0
95, 7640.864660167394	402.8685757432446	88.08640629948604	0
96, 7717.141064285568	468.74999873141604	76.27640411817447	0
97, 7660.244306585278	464.6901313389191	-56.896757700290436	0
98, 7809.039338651582	441.9698249555058	148.79503206630397	0
99, 7804.522802662947	462.70689365608456	-4.516535988635042	0
100, 7862.835166313558	475.4911946644838	58.31236365061159	0
101, 7921.372742205754	421.0106347001969	58.53757589219549	0
102, 7717.42761250087	397.82339725270924	-203.94512970488358	0
103, 7693.971076690487	440.03345597126014	-23.456535810382775	0
104, 7702.869512687614	456.46050461174127	8.898435997126398	0
105, 7779.794450819055	452.1122903489408	76.9249381314412	0
106, 7702.690898295516	431.92880866004634	-77.10355252353929	0
107, 7569.011867640219	433.1509822369363	-133.67903065529663	0
108, 7556.874271740715	439.17155569603244	-12.13759589950405	0
109, 7616.545322374774	429.6171171775392	59.6710506340587	0
110, 7617.681828482691	460.052020976059	1.1365061079177394	0
111, 7388.727890416115	417.19122217083907	-228.95393806657648	0
112, 7414.5732186841615	452.9870892713785	25.845328268046615	0
113, 7429.6361455855385	409.65762323655974	15.062926901377068	0
114, 7428.517510564724	422.46763031029747	-1.1186350208145086	0
115, 7366.460004504946	410.0443988853652	-62.05750605977846	0
116, 7365.5944761186165	402.78648396373296	-0.8655283863290606	0
117, 7283.776943504404	385.44993606867433	-81.81753261421272	0
118, 7245.308207945074	441.21571697366414	-38.468735559329616	0
119, 7217.342325541783	422.9734702391407	-27.96588240329129	0
120, 7194.724085811774	447.9940090767777	-22.61823973000901	0
121, 7439.597086975017	422.1883563623225	244.87300116324332	0
122, 7478.14723112854	435.3276936891191	38.550144153522524	0
123, 7394.691593564818	503.8120606759419	-83.45563756372212	0
124, 7314.970740048683	443.6328254441105	-79.72085351613441	0
125, 7309.967075744499	391.77894325777896	-5.003664304183985	0
126, 7473.753745369971	459.55601674443596	163.7866696254714	0
127, 7509.700359456819	438.0361821244651	35.94661408684806	0
128, 7531.335826744306	464.92957554885857	21.6354672874877	0
129, 7558.698657968672	440.089291793002	27.362831224365436	0
130, 7571.7990511050975	416.57697658797827	13.100393136425737	0
131, 7545.0099012483215	444.3128533714625	-26.78914985677602	0
132, 7521.562183056901	398.9659385013922	-23.44771819142079	0
133, 7312.407347568923	474.64700089933916	-209.15483548797783	0
134, 7360.853328028724	426.74305305525684	48.44598045980092	0
135, 7528.924894071986	449.44328253742896	168.07156604326246	0
136, 7586.988168566184	452.056246849778	58.063274494197685	0
137, 7523.34396048868	465.9952305138644	-63.64420807750412	0
138, 7598.925628714024	433.492270568316	75.5816682253444	0
139, 7592.866541223759	464.8185418549693	-6.059087490265483	0
140, 7481.128576963711	443.17215014159325	-111.7379642600481	0
141, 7365.435671082473	440.54113227339826	-115.6929058812375	0
142, 7525.793454893294	465.81861964894335	160.35778381082127	0
143, 7565.012493461644	446.1450205701104	39.21903856834979	0
144, 7666.0143118061915	451.21188133833823	101.00181834454725	0
145, 7581.033938468714	466.7406688078592	-84.98037333747743	0
146, 7584.102638050495	400.620609144471	3.0686995817814022	0
147, 7659.939872514473	456.439966305451	75.83723446397744	0
148, 7632.084600871138	448.93826933745623	-27.855271643335072	0
149, 7457.567459705941	438.16416420640195	-174.51714116519724	0
150, 7409.434928061216	419.19612528525	-48.13253164472462	0
151, 7430.003893948043	436.65006937931804	20.568965886826845	0
152, 7637.830762639048	456.64485090120814	207.82686869100507	0
153, 7641.329461393349	460.6929517317386	3.4986987543015857	0
154, 7489.31629725278	437.04777340865365	-152.01316414056964	0
155, 7435.270820569797	440.5205043280918	-54.04547668298255	0
156, 7395.751979674669	424.991361068415	-39.51884089512805	0
157, 7623.321820945952	490.5295038199872	227.5698412712827	0
158, 7699.48489187757	458.78079152395406	76.16307093161777	0
159, 7574.311510967935	449.85354157300384	-125.17338090963494	0
160, 7411.917787341415	393.3956726641667	-162.3937236265201	0
161, 7476.531705760982	423.76284217325014	64.6139184195672	0
162, 7474.302565986351	431.8317271260781	-2.2291397746312214	0
163, 7459.42023392119	431.59932577170133	-14.882332065160881	0
164, 7556.589379282047	402.07673079102676	97.16914536085733	0
165, 7472.148239074002	433.3118730959765	-84.441140208045	0
166, 7476.7784826174375	441.8474535363139	4.6302435434354265	0
167, 7479.673573072052	389.92680603651047	2.8950904546145466	0
168, 7596.178443786761	406.949875899173	116.50487071470889	0
169, 7562.900009824843	431.28208928749876	-33.27843396191747	0
170, 7488.39851738746	434.43149192137224	-74.5014924373836	0
171, 7541.462778892521	416.91342554821796	53.06426150506104	0
172, 7533.864229842736	452.2023537821233	-7.598549049785106	0
173, 7579.7460635393045	405.65664712520015	45.88183369656872	0
174, 7569.753128391847	437.77753979226674	-9.992935147457501	0
175, 7661.541977042463	459.41711839795715	91.78884865061627	0
176, 7610.792369019984	456.0207462837193	-50.74960802247915	0
177, 7628.483150483954	383.9013279632632	17.69078146396987	0
178, 7549.276818490527	437.5991352706142	-79.20633199342683	0
179, 7395.731312059087	409.95163936212555	-153.54550643144012	0
180, 7468.270731146309	418.9785865021065	72.53941908722209	0
181, 7432.021826041096	433.159463764212	-36.24890510521345	0
182, 7458.221098562727	425.39798632725586	26.19927252163143	0
183, 7441.121990039093	435.43181924744414	-17.09910852363373	0
184, 7489.517157916152	464.63132074155743	48.395167877059066	0
185, 7508.452952633394	421.8147233929974	18.93579471724115	0
186, 7544.03571148566	467.2043367810295	35.582758852266124	0
187, 7524.655172792608	412.2469647989086	-19.380538693051676	0
188, 7502.162835392512	463.16815552870196	-22.492337400096403	0
189, 7606.658356953403	447.4343762139513	104.49552156089158	0
190, 7632.522550555861	452.82947736905504	25.864193602457817	0
191, 7514.581004607693	411.5530248726924	-117.94154594816791	0
192, 7494.0114475686705	421.0173203540204	-20.569557039022584	0
193, 7471.710408876985	457.3312228578841	-22.30103869168579	0
194, 7477.2510234823385	410.17359120770766	5.540614605353767	0
195, 7555.731025626272	435.8007603145237	78.48000214393323	0
196, 7604.663870297333	454.6185380677204	48.9328446710615	0
197, 7566.738914833038	429.7192719559806	-37.924955464295635	0
198, 7575.812181804698	417.825528069495	9.073266971660814	0
199, 7639.1479255622735	437.97600391419695	63.335743757575074	0
200, 7555.628785764438	438.23133198851593	-83.51913979783512	0
201, 7534.515902697574	447.6467844444202	-21.112883066864015	0
202, 7576.422161235272	419.05140122942885	41.906258537697795	0
203, 7672.395231193046	466.41972919189584	95.97306995777399	0
204, 7694.627321329427	440.9109217305898	22.232090136380975	0
205, 7756.169442617892	449.79897380018355	61.54212128846484	0
206, 7643.455796582284	460.95665058842116	-112.71364603560778	0
207, 7716.34847664268	413.675753663185	72.89268006039583	0
208, 7759.168366372846	437.82250153376094	42.819889730166324	0
209, 7661.774371974382	434.1629236667448	-97.3939943984642	0
210, 7658.774846969278	433.0998610375844	-2.9995250051042603	0
211, 7801.659856515977	451.04262289060995	142.8850095466987	0
212, 7807.879244793427	421.3178097919417	6.21938827744998	0
213, 7825.442761513307	449.57780447868015	17.56351671988068	0
214, 7782.890531809027	442.4221534558364	-42.55222970427985	0
215, 7910.474802810284	459.53454536419963	127.58427100125664	0
216, 7922.1788648559	433.80424913882285	11.70406204561641	0
217, 7965.446841567437	456.9765327301636	43.2679767115369	0
218, 8039.74985599005	487.03073097453904	74.30301442261225	0
219, 8055.624684137299	453.592961191107	15.87482814724899	0
220, 8182.037613077598	474.5315362649806	126.41292894029903	0
221, 8195.846867355765	513.2956115564755	13.809254278167828	0
222, 8294.949152421157	477.36847072793734	99.1022850653917	0
223, 8351.280727606218	469.4885054189549	56.3315751850605	0
224, 8377.862189218005	480.7406999872287	26.581461611787745	0
225, 8333.416727280379	441.0726637708906	-44.44546193762653	0
226, 8366.998129312113	507.4255009881556	33.58140203173389	0
227, 8544.226475680798	527.9672009091869	177.22834636868538	0
228, 8543.65513452614	515.7906699127126	-0.5713411546585121	0
229, 8571.745019190974	504.7373962413039	28.089884664834244	0
230, 8647.494746396023	512.105386244285	75.74972720504957	0
231, 8620.64027266522	527.8577477483456	-26.854473730803875	0
232, 8668.871108462296	500.3766744837822	48.230835797076	0
233, 8555.837837899198	466.33756754623175	-113.03327056309718	0
234, 8546.552021978232	504.1588261672942	-9.285815920966343	0
235, 8567.62799781251	525.9431967245395	21.075975834277415	0
236, 8540.777168612489	561.0042902877699	-26.8508292000206	0
237, 8561.542375353481	483.5489667335797	20.765206740992653	0
238, 8385.606063304724	468.34465395458676	-175.93631204875783	0
239, 8352.869993861446	486.0718323099703	-32.7360694432773	0
240, 8283.483527250522	493.8384105138711	-69.38646661092389	0
241, 8154.84920744839	468.21060052235606	-128.63431980213227	0
242, 8135.911411612223	464.76754519922775	-18.937795836167425	0
243, 8120.666616509314	461.17148422958184	-15.244795102908938	0
244, 7943.181827210505	461.4278644754612	-177.48478929880912	0
245, 7866.394541485703	497.06163941919925	-76.78728572480213	0
246, 7809.4146971254095	434.5240674430081	-56.9798443602931	0
247, 7686.150175145799	439.5042697578815	-123.26452197961044	0
248, 7639.862003075149	431.91766105891804	-46.288172070650035	0
249, 7484.67190159887	429.9093839624287	-155.19010147627887	0
250, 7517.9505512702135	449.32834089970606	33.27864967134337	0
251, 7362.138325354407	446.16603419324457	-155.81222591580627	0
252, 7340.700743805698	410.3811445839042	-21.437581548709204	0
253, 7314.121236402676	446.16277905423595	-26.579507403022035	0
254, 7303.948732555052	421.45030661996265	-10.172503847624284	0
255, 7212.74568422478	422.6895804760692	-91.20304833027149	0
256, 7089.522879178151	417.6376895789663	-123.22280504662922	0
257, 7145.278148209514	427.4003698153488	55.75526903136324	0
258, 7159.19443642117	402.92430599661145	13.916288211656138	0
259, 7205.231790987371	424.63602334920785	46.03735456620052	0
260, 7168.262861697746	412.861099290673	-36.96892928962461	0
261, 7194.203609901032	423.98507394580326	25.940748203285693	0
262, 7168.657541390333	397.95676352838814	-25.546068510699115	0
263, 7197.108246964742	432.6894284829306	28.450705574408858	0
264, 7180.681147514738	402.95650067619556	-16.42709945000388	0
265, 7179.88436593978	438.143783786534	-0.7967815749580041	0
266, 7180.782434670576	428.29881313195983	0.8980687307957851	0
267, 7166.449716559565	440.34022098080203	-14.332718111010763	0
268, 7162.194758816673	430.5847492444119	-4.254957742891747	0
269, 7230.7178614117	447.40971570277117	68.52310259502701	0
270, 7279.7890893978765	418.19756323212357	49.07122798617638	0
271, 7324.142278021616	436.8507390861579	44.3531886237397	0
272, 7433.1011321446185	444.475054455571	108.95885412300231	0
273, 7405.641238831775	451.3790500608457	-27.459893312843633	0
274, 7399.360395745641	457.718736385947	-6.280843086134155	0
275, 7586.443215274028	472.3902869480138	187.08281952838752	0
276, 7604.369398753206	434.23240492837584	17.92618347917778	0
277, 7487.209042435909	421.37277144749993	-117.16035631729665	0
278, 7639.555322363464	411.12539663174016	152.34627992755486	0
279, 7740.930905683351	459.9506416661871	101.37558331988657	0
280, 7726.962152796663	433.71627813705044	-13.96875288668798	0
281, 7778.828852484257	450.14343912888637	51.86669968759452	0
282, 7740.2340686557045	445.8307008045294	-38.59478382855286	0
283, 7732.602104862722	454.17782216314316	-7.631963792982788	0
284, 7674.606689498663	439.8015598173612	-57.99541536405832	0
285, 7881.536816974147	461.3831219517325	206.93012747548346	0
286, 7892.444100359305	420.1017479655753	10.907283385157825	0
287, 7859.859018902927	452.40051804349343	-32.58508145637734	0
288, 7850.14263958988	449.70058811555424	-9.716379313047582	0
289, 8016.728593510254	455.9544212788074	166.58595392037387	0
290, 7994.289178126881	472.7391309154713	-22.43941538337276	0
291, 7926.177540708487	427.2813514343094	-68.11163741839391	0
292, 7937.788217655123	477.45366628254243	11.610676946635976	0
293, 7932.001708310353	408.59377425147915	-5.786509344769911	0
294, 7855.070101469657	414.4794259407552	-76.93160684069608	0
295, 7724.661011933244	412.7853490760543	-130.40908953641338	0
296, 7652.112611953704	429.9417446434797	-72.54839997953968	0
297, 7628.69233821966	443.3824248669479	-23.420273734043803	0
298, 7496.6125577520725	464.30209431750166	-132.07978046758763	0
299, 7421.7341765247875	437.658816834681	-74.87838122728499	0
300, 7358.077620750375	431.38836838931434	-63.65655577441248	0
301, 7259.325138282927	410.12196499176565	-98.75248246744832	0
302, 7274.277839436312	443.0282169073811	14.952701153385533	0
303, 7258.724923157854	421.39143539193975	-15.552916278457815	0
304, 7150.0038822276165	412.2910638004746	-108.7210409302379	0
305, 7166.405164935204	401.83236844196193	16.401282707587598	0
306, 7274.02208153809	408.2229374169851	107.6169166028858	0
307, 7078.529583422889	402.28047247746474	-195.49249811520076	0
308, 7136.7414556217955	406.38827169206223	58.21187219890635	0
309, 7120.630980925976	422.09271742556325	-16.110474695819903	0
310, 7036.059794482639	407.58000620894336	-84.57118644333696	0
311, 7045.752715743741	407.26696327919166	9.692921261102128	0
312, 7047.034653606116	398.6862944163007	1.2819378623753437	0
313, 7075.001448661083	428.0809928104662	27.966795054966497	0
314, 7085.854886315642	401.69457014496305	10.853437654559457	0
315, 7130.651565487585	430.7280077215196	44.79667917194274	0
316, 7079.8351286939005	375.9636427160189	-50.81643679368426	0
317, 7159.799026597465	422.69385299611093	79.96389790356443	0
318, 7196.480165066137	386.9428835395014	36.681138468671634	0
319, 7170.321604076876	408.99737808048593	-26.158560989260877	0
320, 7227.529514917289	391.50575826150737	57.207910840413206	0
321, 7319.347434715477	421.3089875222787	91.81791979818809	0
322, 7349.688606989489	431.928966424927	30.341172274012024	0
323, 7417.121866449569	375.3538631856001	67.43325946008008	0
324, 7303.775622747183	416.79214650251544	-113.34624370238635	0
325, 7412.645162783297	433.7116515487905	108.8695400361139	0
326, 7444.493604915487	425.0666752647851	31.84844213219003	0
327, 7514.602449818082	440.6545954879973	70.10884490259559	0
328, 7568.856198503602	455.36505634036206	54.253748685519895	0
329, 7597.017705161674	439.73613842750206	28.16150665807163	0
330, 7508.174249186072	425.530360544992	-88.8434559756015	0
331, 7625.168793420001	435.88494842323547	116.99454423392854	0
332, 7679.112280768789	447.0907360239398	53.94348734878804	0
333, 7721.698100535928	461.2783493939716	42.58581976713867	0
334, 7694.275388595246	428.66560761364576	-27.422711940681438	0
335, 7796.607551007072	433.54367289947413	102.33216241182618	0
336, 7908.695887732203	427.91907441823577	112.08833672513083	0
337, 7864.483799242424	448.85464405182927	-44.21208848977949	0
338, 7891.634956267792	447.2096537951207	27.151157025368775	0
339, 7892.1448043401115	455.592039196644	0.5098480723190733	0
340, 7910.961114609678	462.46779708303467	18.816310269566202	0
341, 8044.760562485902	462.93300590032686	133.7994478762239	0
342, 8080.410220483448	502.87001582101294	35.649657997546456	0
343, 8104.458932726571	492.615505940727	24.04871224312319	0
344, 8210.997103907557	430.0038311295959	106.53817118098596	0
345, 8310.504630313944	451.2212427406264	99.50752640638711	0
346, 8266.99043369914	497.05738116092283	-43.51419661480395	0
347, 8342.713759276607	480.35842724427397	75.72332557746631	0
348, 8365.784319504877	442.4291711973636	23.07056022827055	0
349, 8426.680905044219	503.5861777401145	60.896585539341686	0
350, 8500.72785452946	492.1951336926411	74.04694948524048	0
351, 8507.982742239525	486.13409598230925	7.254887710065304	0
352, 8537.97271161222	487.68068085676805	29.98996937269476	0
353, 8667.212985279248	471.9409239415932	129.2402736670283	0
354, 8682.884267800295	463.8372939679918	15.671282521047033	0
355, 8678.420699864426	523.6006780777093	-4.463567935868923	0
356, 8724.992429446214	505.85866795844925	46.57172958178853	0
357, 8645.130997365939	475.1635408377003	-79.86143208027534	0
358, 8667.880884002441	539.4599979288874	22.749886636502197	0
359, 8587.41991765334	501.46490022243574	-80.460966349101	0
360, 8547.269252344362	510.73077766657786	-40.150665308978205	0
361, 8640.887523060179	518.6363794706003	93.61827071581683	0
362, 8426.236489928335	476.61762271814615	-214.6510331318441	0
363, 8336.052130988954	481.27091112513506	-90.18435893938113	0
364, 8323.677194387574	479.6518699029415	-12.374936601379886	0
365, 8247.20381902957	491.43673948106255	-76.47337535800398	0
366, 8146.400714082683	463.9341661714999	-100.80310494688638	0
367, 7962.3144027150765	482.00811275932307	-184.08631136760687	0
368, 7997.130307773291	494.8272190767947	34.81590505821441	0
369, 7913.357456618036	433.39933814233336	-83.77285115525501	0
370, 7826.06950937554	469.1332826815987	-87.28794724249565	0
371, 7720.292436244234	438.9279521896384	-105.77707313130668	0
372, 7696.688944621813	433.61381585526175	-23.603491622420734	0
373, 7636.888778985	424.00857537175904	-59.80016563681329	0
374, 7565.58156709985	464.27356203208694	-71.30721188514963	0
375, 7434.4402709014985	418.66497852884913	-131.14129619835148	0
376, 7382.748081830339	431.3123878302959	-51.69218907115919	0
377, 7269.375704241829	434.00559491833536	-113.37237758851006	0
378, 7237.995616888469	438.39214780242577	-31.380087353360068	0
379, 7107.012540464081	443.8100991904498	-130.98307642438795	0
380, 7115.661702773307	429.4897137257405	8.649162309226085	0
381, 7090.196212524274	394.81678868341425	-25.465490249032882	0
382, 6966.405198779324	421.4955408755624	-123.79101374495076	0
383, 6966.859569038034	398.4519251450156	0.45437025871069636	0
384, 6940.745891598638	387.3519715820739	-26.11367743939627	0
385, 6936.577160599536	407.74295284395447	-4.168730999102081	0
386, 6881.053362460099	365.58146951263365	-55.52379813943662	0
387, 6906.817279085292	405.52923895752866	25.763916625192905	0
388, 6886.090001255461	383.856335974319	-20.72727782983111	0
389, 6870.085682732889	406.1612004726384	-16.004318522572248	0
390, 6905.671444928579	389.60894756287337	35.58576219569022	0
391, 6963.44768523485	422.3296368070206	57.776240306270665	0
392, 6989.931147021454	390.0150141462033	26.483461786604494	0
393, 6964.130852688527	391.9813103891029	-25.80029433292748	0
394, 7062.660991435969	424.8708179469524	98.53013874744192	0
395, 7056.345537278832	389.13816369592496	-6.315454157136628	0
396, 7084.135800830031	424.88272048010856	27.790263551199132	0
397, 7157.6006009470475	373.27362552905134	73.46480011701624	0
398, 7177.4957736963515	426.84295234343807	19.895172749304038	0
399, 7164.301097188441	429.5095842461055	-13.194676507910117	0
400, 7248.981234262168	419.2499951854797	84.68013707372666	0
401, 7279.8130238831645	463.24179837571063	30.83178962099646	0
402, 7376.516685223404	430.2135260148899	96.7036613402397	0
403, 7396.034639289616	381.6162186792345	19.51795406621204	0
404, 7378.241942220064	429.02755031298096	-17.79269706955256	0
405, 7336.795185224551	442.4700152057814	-41.44675699551317	0
406, 7526.633027132936	408.44672406377214	189.8378419083856	0
407, 7470.6302999981	450.0265702569566	-56.00272713483628	0
408, 7500.128943373352	434.29355870021465	29.49864337525196	0
409, 7496.712951950069	400.616498941825	-3.4159914232832307	0
410, 7458.802523498419	441.1153143663164	-37.91042845164975	0
411, 7452.840168054497	442.6104867775478	-5.962355443922206	0
412, 7462.413517472376	410.9551515427737	9.573349417879399	0
413, 7419.658834095579	443.29745896146517	-42.7546833767974	0
414, 7534.220013107533	473.1576926758899	114.56117901195466	0
415, 7458.67650126097	444.006716522303	-75.54351184656298	0
416, 7473.379752583159	443.2745386574186	14.703251322188407	0
417, 7483.465319238183	429.3913539600734	10.085566655024195	0
418, 7465.093367409833	441.77968873573985	-18.371951828349665	0
419, 7384.27651513582	432.33249644147355	-80.8168522740134	0
420, 7254.6668874723255	419.43692294848233	-129.6096276634944	0
421, 7299.822795400872	445.7958170968658	45.155907928546185	0
422, 7293.8333179999645	423.24710821331604	-5.9894774009071625	0
423, 7231.483538933398	421.6036157007136	-62.34977906656604	0
424, 7298.326811098645	378.801244405549	66.84327216524616	0
425, 7255.316574399699	439.6760667996182	-43.010236698945846	0
426, 7299.248174248184	415.6479674308131	43.93159984848535	0
427, 7328.543892177578	398.139396284612	29.295717929393504	0
428, 7395.632085505366	474.2547683075749	67.08819332778876	0
429, 7449.09316527308	424.57188527143995	53.46107976771327	0
430, 7460.974098640586	377.15112389066127	11.880933367506259	0
431, 7407.917535092403	394.13594648688485	-53.05656354818257	0
432, 7358.176343200954	410.75244371242206	-49.74119189144949	0
433, 7396.517783858091	454.07069167504994	38.341440657137355	0
434, 7420.097262476417	424.238733950157	23.579478618325993	0
435, 7399.226719529306	419.97386226368224	-20.870542947111062	0
436, 7463.170539450986	404.15580491161285	63.94381992168019	0
437, 7410.005393961368	424.6743853512145	-53.165145489618226	0
438, 7421.9266586370395	430.0473994160156	11.92126467567141	0
439, 7475.798701957546	456.1728074458496	53.872043320506236	0
440, 7454.687292723586	449.4471635153518	-21.11140923395942	0
441, 7251.084586140674	445.0339690758764	-203.6027065829121	0
442, 7225.914592027706	427.3345253723793	-25.169994112968197	0
443, 7198.957930922688	399.60971068628584	-26.9566611050177	0
444, 7155.970129627369	403.3183965981609	-42.987801295319514	0
445, 7020.843918087177	433.4035353575312	-135.12621154019143	0
446, 7005.154784837824	462.6227377900473	-15.68913324935329	0
447, 6978.3860015949285	431.35169636722065	-26.76878324289555	0
448, 6994.812992469495	402.0338803379276	16.4269908745664	0
449, 7072.438510636114	342.66829894836735	77.62551816661926	0
450, 6993.916381466785	431.39344478175025	-78.52212916932876	0
451, 6985.508990366883	403.04802403514617	-8.40739109990227	0
452, 7009.75791973361	414.4995408704547	24.24892936672677	0
453, 7026.544026805564	382.4755731782182	16.786107071953666	0
454, 6892.694837706882	379.5087737733012	-133.84918909868156	0
455, 7006.158889519427	408.51302635602593	113.46405181254522	0
456, 7087.143976163588	387.13186725574883	80.98508664416113	0
457, 7101.234976649089	419.46196096284314	14.091000485500444	0
458, 7117.728403904608	429.07790098902154	16.493427255519236	0
459, 7115.707481327865	426.4626250500119	-2.0209225767430326	0
460, 7109.096421151333	388.6755482895914	-6.611060176532192	0
461, 7280.075836535781	409.5263757428421	170.97941538444775	0
462, 7218.8591945597445	376.8729267208528	-61.216641976036044	0
463, 7229.212266851133	426.9092265478048	10.353072291388344	0
464, 7415.27251033036	437.07339695345155	186.0602434792272	0
465, 7441.006824150318	416.4540580959975	25.734313819957606	0
466, 7430.044807617127	420.7505301871529	-10.962016533190763	0
467, 7545.038547951997	470.14094302139205	114.99374033487038	0
468, 7541.92338271021	397.1606187879622	-3.1151652417875084	0
469, 7542.449527887265	425.98700191723935	0.5261451770547865	0
470, 7427.5027178741375	417.46573780961137	-114.9468100131271	0
471, 7446.804492839167	422.4488753005906	19.301774965029836	0
472, 7397.416646391855	423.93353699117256	-49.38784644731277	0
473, 7410.835782178863	448.83348164557276	13.4191357870086	0
474, 7455.175860776291	418.355109448197	44.340078597428146	0
475, 7391.661515005083	428.1811711946493	-63.514345771208355	0
476, 7305.956673780023	436.3883734776949	-85.70484122505968	0
477, 7317.246086943987	410.67027352954693	11.289413163964127	0
478, 7203.750063014049	403.47312912341414	-113.49602392993802	0
479, 7177.5047489894105	415.55320878250285	-26.2453140246389	0
480, 7087.234704530898	398.9689951508164	-90.27004445851253	0
481, 7083.561542176148	377.80678961289635	-3.673162354750275	0
482, 7076.796830622454	412.3945875520097	-6.7647115536938145	0
483, 7135.673136288013	428.71744064409677	58.8763056655589	0
484, 7230.887445616749	437.85359499033257	95.21430932873591	0
485, 7167.001469607863	419.0778815870654	-63.885976008885336	0
486, 7138.2764279534385	407.48711374739355	-28.725041654424786	0
487, 7174.0087476241415	393.4383689846162	35.732319670702964	0
488, 7041.104671998596	404.87068718072817	-132.90407562554537	0
489, 7223.575349680989	442.8465249898266	182.47067768239322	0
490, 7220.079965698264	417.51317614854884	-3.495383982725798	0
491, 7269.998295730069	422.5356479640772	49.91833003180545	0
492, 7295.409463111445	402.5732687671648	25.41116738137589	0
493, 7242.081736415735	409.45922349096526	-53.327726695710226	0
494, 7289.923023272234	469.067176903568	47.84128685649921	0
495, 7394.585905618216	384.3866603477798	104.66288234598233	0
496, 7486.550071528661	443.76305847093965	91.96416591044454	0
497, 7451.288547756026	452.05226677479163	-35.26152377263497	0
498, 7384.096710064691	435.8743774862279	-67.19183769133451	0
499, 7373.864094337934	411.70385066628415	-10.232615726757103	0
500, 7410.524012518974	395.73034520259466	36.65991818103976	0
501, 7447.530163953509	407.6797157550073	37.00615143453524	0
502, 7464.206240054234	446.01780561272335	16.67607610072446	0
503, 7528.865889477785	456.15433332997907	64.65964942355095	0
504, 7516.949949032281	427.7061029788407	-11.91594044550311	0
505, 7526.314843976793	437.3946251407038	9.364894944511434	0
506, 7567.082078689196	459.36422166994464	40.76723471240348	0
507, 7558.976817770341	414.50493910769893	-8.105260918855492	0
508, 7550.25054844104	466.70355455563464	-8.726269329300521	0
509, 7614.001012288523	457.82835148071393	63.75046384748293	0
510, 7598.555026876186	435.42133081546876	-15.445985412336995	0
511, 7640.8908925543265	421.7272235098179	42.33586567814018	0
512, 7663.352112898959	425.24172830757146	22.46122034463224	0
513, 7575.409361673892	429.7689213209485	-87.94275122506679	0
514, 7609.788211485037	439.35990068797395	34.3788498111453	0
515, 7567.277259924843	470.26357974224067	-42.51095156019437	0
516, 7377.109519522813	423.17762109088045	-190.16774040203018	0
517, 7423.495144465147	435.7415191706534	46.38562494233429	0
518, 7477.995478047386	434.92358176474426	54.500333582239364	0
519, 7434.03753152009	437.1709503212544	-43.95794652729637	0
520, 7374.401363368927	439.9075660454597	-59.636168151162565	0
521, 7307.939418840943	400.4986416674238	-66.46194452798409	0
522, 7294.456998613929	438.12198440345475	-13.4824202270147	0
523, 7218.628084706698	380.59636247896293	-75.82891390723034	0
524, 7079.2108621431435	434.4657047316935	-139.4172225635548	0
525, 7072.004356417543	373.3551992061013	-7.206505725600437	0
526, 7014.61319834573	408.5257513351271	-57.39115807181315	0
527, 6891.354568268247	370.98574759551377	-123.25863007748285	0
528, 6922.332028979356	386.3260554311446	30.977460711109416	0
529, 6869.103365137389	401.51836400476225	-53.22866384196732	0
530, 6916.419389654798	399.2944845004643	47.31602451740855	0
531, 6901.8529647121895	381.4242560270798	-14.566424942608137	0
532, 6974.120035858268	385.1157581523918	72.2670711460787	0
533, 6952.845683410635	432.63433662156666	-21.274352447633646	0
534, 7073.72219402749	406.485612649768	120.87651061685574	0
535, 7124.913725224086	446.7330064179094	51.19153119659586	0
536, 7113.688606322531	406.39956015020766	-11.225118901555106	0
537, 7137.305623721231	428.9392562861588	23.617017398700227	0
538, 7107.693732028764	412.3180144976326	-29.611891692466997	0
539, 7203.584852904096	411.15805595134486	95.89112087533158	0
540, 7192.532891865935	414.6131736569751	-11.051961038160698	0
541, 7201.743266005498	410.21499156332396	9.2103741395631	0
542, 7282.57030548097	473.10333186105527	80.82703947547179	0
543, 7352.7688299933425	430.9035085480712	70.19852451237239	0
544, 7423.087016129541	437.36322603801165	70.31818613619816	0
545, 7497.527577643808	463.08710396170613	74.44056151426776	0
546, 7581.024469301547	456.67831729276656	83.49689165773816	0
547, 7541.681470845106	452.84213059163733	-39.34299845644091	0
548, 7656.929672498588	420.2410153527527	115.24820165348228	0
549, 7734.223998436428	430.95746536177666	77.29432593783986	0
550, 7650.624613882638	448.01553431330717	-83.5993845537896	0
551, 7640.9360879492515	455.96191648442465	-9.6885259333867	0
552, 7706.081966763257	413.5648742024511	65.1458788140053	0
553, 7779.484022506302	447.6891911020121	73.40205574304491	0
554, 7839.817397458128	435.2508444146775	60.333374951826045	0
555, 7902.467817182039	451.73878998867826	62.650419723911	0
556, 7911.059415217793	476.05217634948184	8.591598035754032	0
557, 7899.373388257301	452.6653558703665	-11.6860269604922	0
558, 7778.72547402089	428.2707163063691	-120.64791423641054	0
559, 7690.224329876282	438.50950360952606	-88.50114414460768	0
560, 7733.052521283829	439.6612939640356	42.82819140754691	0
561, 7739.669027564328	389.414600622156	6.61650628049847	0
562, 7754.522250820373	423.45051826758504	14.853223256045567	0
563, 7797.6966758095705	434.462001345668	43.17442498919718	0
564, 7624.873973103376	447.04569521324544	-172.82270270619483	0
565, 7664.3929834572555	472.96842976644075	39.51901035387982	0
566, 7654.994640407565	411.28569677022676	-9.398343049690084	0
567, 7686.056946912655	402.4204670322906	31.06230650508951	0
568, 7697.558088905737	454.3351538838883	11.501141993082456	0
569, 7637.482511907691	443.9701393075459	-60.07557699804602	0
570, 7527.633299990513	452.7042454109326	-109.84921191717876	0
571, 7552.809614490816	413.66476077692505	25.176314500303306	0
572, 7569.568466352414	422.2308794328387	16.758851861598487	0
573, 7463.475086819534	423.32243759395175	-106.09337953288014	0
574, 7448.0503033214245	421.98964187526025	-15.424783498109718	0
575, 7501.8171094593745	430.6861490009794	53.76680613794997	0
576, 7580.9323003288655	437.11325432569953	79.11519086949102	0
577, 7569.9450708557115	431.6761888982879	-10.987229473154002	0
578, 7563.503570816431	463.90820987357404	-6.441500039280072	0
579, 7485.775687286844	419.8352377380522	-77.72788352958742	0
580, 7469.003886279454	436.7605386258756	-16.771801007390422	0
581, 7514.873047133489	425.0918198525265	45.86916085403573	0
582, 7536.871938016226	443.73740179689185	21.998890882736305	0
583, 7565.58469856525	474.5072552153706	28.712760549024097	0
584, 7486.555282721926	454.0480988743054	-79.02941584332348	0
585, 7513.802249306704	449.40131950360416	27.24696658477751	0
586, 7508.761378895309	434.31273394553756	-5.04087041139519	0
587, 7474.336639598139	444.0710323983709	-34.42473929716925	0
588, 7494.377815562839	433.6044990141669	20.041175964699505	0
589, 7512.57013960791	451.0135272787543	18.192324045071473	0
590, 7630.0158996362925	437.0705006777798	117.44576002838221	0
591, 7634.569957267675	455.64666325065275	4.55405763138242	0
592, 7630.12061947434	469.1529329059387	-4.449337793334962	0
593, 7638.608817068011	440.1244362643781	8.48819759367143	0
594, 7737.993649904862	424.37077726177966	99.38483283685036	0
595, 7781.280943209839	474.0236493954338	43.28729330497754	0
596, 7805.412917426373	458.0210738155784	24.131974216533308	0
597, 7802.525747579379	449.02180907933814	-2.8871698469938565	0
598, 7821.25987638078	468.2048813398178	18.73412880140131	0
599, 7849.544166793675	447.6261410693206	28.284290412894734	0
600, 7897.932379876939	465.3574352275878	48.38821308326442	0
601, 7977.915160681258	421.18496705096464	79.98278080431919	0
602, 8039.942517369162	473.7343682078126	62.02735668790319	0
603, 7983.364195903522	469.5485855632756	-56.57832146563942	0
604, 8140.260821168922	483.508884886057	156.89662526539996	0
605, 8178.741773337673	437.2737294532607	38.48095216875117	0
606, 8263.243099121966	443.14927985665497	84.50132578429293	0
607, 8308.060340365135	485.52435003062425	44.81724124316861	0
608, 8353.028770730856	476.0213229573939	44.96843036572136	0
609, 8368.727235572302	489.9579719256884	15.698464841445457	0
610, 8460.24707650653	438.57980077467937	91.51984093422834	0
611, 8403.284882598356	506.316047207077	-56.962193908173504	0
612, 8498.344965525226	450.9367198793279	95.06008292686965	0
613, 8279.690532745059	471.7161103524209	-218.65443278016755	0
614, 8275.320073725454	515.6527927918445	-4.370459019604823	0
615, 8338.500870747916	448.1527657873185	63.180797022461775	0
616, 8256.624289553087	501.43159974627036	-81.87658119482876	0
617, 8304.74751623417	494.8094938278015	48.123226681083906	0
618, 8275.099382872246	508.022321425932	-29.64813336192492	0
619, 8158.067240134416	482.63543115499834	-117.03214273782942	0
620, 8045.838109569166	459.0437867121546	-112.22913056525067	0
621, 7944.526908462524	463.21821407190623	-101.31120110664142	0
622, 7859.829819945542	468.16333029975465	-84.69708851698215	0
623, 7662.101158343434	407.47978356676026	-197.72866160210833	0
624, 7556.183469430579	400.63230191923304	-105.91768891285483	0
625, 7532.839036191974	455.23484518510554	-23.344433238605234	0
626, 7401.214795151374	427.39353768523864	-131.62424104059937	0
627, 7334.05690168615	431.2805329926793	-67.15789346522433	0
628, 7324.0632320944	436.1999517755557	-9.993669591750404	0
629, 7181.117680814453	425.91339721510485	-142.9455512799468	0
630, 7186.083037829005	427.89563547138846	4.965357014551955	0
631, 7028.625330462098	407.51159716910166	-157.45770736690702	0
632, 7044.323163212014	414.29523192097327	15.697832749916415	0
633, 6948.43455839309	408.9250249294609	-95.88860481892425	0
634, 6862.099237473121	414.1015904466649	-86.33532091996858	0
635, 6898.852030613157	356.7905752920773	36.752793140035465	0
636, 6925.1645644741075	383.00510479057266	26.31253386095068	0
637, 6863.348509764085	442.2734332754999	-61.8160547100224	0
638, 6784.436942125613	410.0498117403195	-78.91156763847175	0
639, 6825.14451965064	400.6363488893945	40.70757752502686	0
640, 6774.016533365071	395.0013523559643	-51.12798628556902	0
641, 6721.399094523406	365.49895638738553	-52.61743884166481	0
642, 6743.17484255076	398.49556021134043	21.775748027353984	0
643, 6784.454734919847	408.2720527867259	41.279892369087065	0
644, 6819.216796425247	400.87277364350894	34.76206150539929	0
645, 6844.953724897937	402.04805915957945	25.736928472690124	0
646, 6966.616576977485	385.13453068396586	121.66285207954843	0
647, 7046.528814517203	412.41058546321216	79.91223753971735	0
648, 7096.031009336708	403.9504450336206	49.50219481950535	0
649, 7063.434456838706	443.650606234444	-32.596552498001984	0
650, 7135.634826994518	397.3193408688581	72.20037015581238	0
651, 7083.892804265733	415.74174303016844	-51.74202272878574	0
652, 7041.098927815543	398.2332910656069	-42.7938764501896	0
653, 7139.194127277751	431.93528731551095	98.09519946220826	0
654, 7145.010268169609	419.01562966827566	5.816140891857685	0
655, 7142.851283025964	405.75989788140816	-2.1589851436447134	0
656, 7151.224596615371	403.2817052261992	8.37331358940719	0
657, 7315.982428539745	457.3900488307405	164.75783192437393	0
658, 7291.095716581126	424.9653489162154	-24.886711958619344	0
659, 7427.89790415932	444.6652646433	136.8021875781942	0
660, 7426.247575825695	403.16595168110985	-1.6503283336251116	0
661, 7463.818209472606	423.6813701816258	37.57063364691112	0
662, 7545.101686257913	449.73886030864463	81.28347678530645	0
663, 7556.8566624770765	434.1259174507623	11.754976219163837	0
664, 7724.591029697556	438.2499246651222	167.73436722047973	0
665, 7712.838648020563	458.1472502831109	-11.752381676993537	0
666, 7923.595563939833	440.9539593423681	210.7569159192699	0
667, 7906.0734717569	429.4046260225291	-17.522092182932283	0
668, 7939.446996091099	497.110477879296	33.37352433419892	0
669, 7971.568989872794	468.0150419546693	32.12199378169498	0
670, 8023.47616295924	487.1988639047347	51.907173086446164	0
671, 7997.8556141729605	494.51711631499364	-25.62054878627987	0
672, 7993.868166162899	482.70985103030387	-3.9874480100615983	0
673, 8036.950454814952	490.65785149113515	43.08228865205274	0
674, 7992.7919671950185	485.76295804694774	-44.15848761993311	0
675, 7853.038864850883	449.41111183503284	-139.7531023441352	0
676, 7927.755965022795	425.14646568748304	74.71710017191162	0
677, 7850.224001144746	468.0674243203871	-77.53196387804928	0
678, 7753.496970838839	441.07419175116416	-96.72703030590674	0
679, 7637.610258170395	457.5311165907501	-115.88671266844358	0
680, 7751.303340291725	472.73402526691706	113.69308212133001	0
681, 7730.870029473266	415.2012315485738	-20.433310818459177	0
682, 7557.052938938967	481.6220977105566	-173.8170905342995	0
683, 7573.320378368835	422.1324138939547	16.26743942986832	0
684, 7533.9767490709755	420.36041543444196	-39.34362929785948	0
685, 7451.475298239127	405.3983085233094	-82.50145083184816	0
686, 7475.992213333518	443.9498945633459	24.516915094390242	0
687, 7483.859902216159	392.03017564420753	7.867688882641232	0
688, 7461.164114762579	465.07762322098506	-22.695787453580124	0
689, 7383.77167731873	409.6989539591156	-77.3924374438484	0
690, 7386.026341403502	395.3044008022994	2.2546640847713206	0
691, 7437.3727267870545	459.90776480601147	51.34638538355284	0
692, 7306.404364851266	434.0566295151307	-130.96836193578838	0
693, 7274.06786980177	445.4122384685906	-32.33649504949608	0
694, 7317.241712259707	414.89041865230183	43.1738424579371	0
695, 7329.206513653383	384.3343914354376	11.96480139367577	0
696, 7397.598597952339	386.6397956698123	68.39208429895643	0
697, 7376.681037125826	417.6459920801176	-20.91756082651318	0
698, 7355.9605248274665	447.1022225119955	-20.72051229835961	0
699, 7366.944559850826	436.5677269172204	10.984035023359866	0
700, 7389.904158918839	436.72003898368524	22.95959906801272	0
701, 7405.05420140828	440.86224235908315	15.150042489441148	0
702, 7390.681113466159	479.98324228236055	-14.373087942120947	0
703, 7451.782838614175	422.9606581756351	61.10172514801525	0
704, 7515.331902390337	455.41020556366817	63.54906377616226	0
705, 7545.693154072623	413.8844700265062	30.36125168228591	0
706, 7615.855322146379	429.5350516034657	70.16216807375622	0
707, 7587.352208082098	419.98188211907836	-28.503114064281363	0
708, 7643.089716862853	441.76521730354284	55.73750878075498	0
709, 7730.648484316994	470.71433839410344	87.55876745414116	0
710, 7780.943694033725	477.24712448540777	50.295209716730824	0
711, 7818.753673011014	459.0236694312358	37.809978977289575	0
712, 7938.244068604113	443.16568000049386	119.49039559309858	0
713, 7888.347050289451	476.2026200945527	-49.89701831466209	0
714, 8111.357650190124	451.298341470933	223.0105999006737	0
715, 8177.463864804009	485.61670675671024	66.10621461388473	0
716, 8209.727778560515	445.59961521969	32.263913756505644	0
717, 8286.689791246807	504.0655401950088	76.96201268629193	0
718, 8421.735051751342	474.84115316904973	135.0452605045357	0
719, 8530.798116374386	501.69022544239016	109.06306462304383	0
720, 8639.293863045958	504.3885409675415	108.4957466715714	0
721, 8813.916811327052	532.9314756432498	174.62294828109407	0
722, 8788.790026283403	475.46728256527206	-25.12678504364885	0
723, 8946.141294544033	553.6958403806179	157.3512682606306	0
724, 9000.337870756199	549.0135447765912	54.19657621216538	0
725, 9191.928810133395	505.98311761570346	191.59093937719626	0
726, 9081.323380588065	518.444834651319	-110.60542954533048	0
727, 9066.69574612098	518.5576747126487	-14.627634467084135	0
728, 9143.67833638744	543.379960151243	76.98259026645974	0
729, 9317.526425896844	529.1758061564859	173.8480895094035	0
730, 9232.08146644964	490.10842669214156	-85.44495944720438	0
731, 9003.32508005476	492.0392056738191	-228.75638639487988	0
732, 8977.008475323493	584.2268836322119	-26.316604731266125	0
733, 8980.823328192335	492.63694021539527	3.8148528688416263	0
734, 8904.98434619629	514.4087806554755	-75.83898199604482	0
735, 8721.269696353505	493.3366583696916	-183.71464984278464	0
736, 8668.08732660084	513.9886350455542	-53.18236975266518	0
737, 8588.239513369017	504.828501964172	-79.84781323182324	0
738, 8400.63689611876	436.8790579473508	-187.60261725025703	0
739, 8353.97811987147	449.11784296954534	-46.65877624729001	0
740, 8112.273161820701	476.7122237444812	-241.70495805076916	0
741, 8029.59802663041	509.8803714737726	-82.67513519029126	0
742, 7865.504834499068	457.4460355595919	-164.0931921313413	0
743, 7909.104501618469	488.26407857308874	43.59966711940069	0
744, 7787.812858735554	473.5004809711622	-121.29164288291486	0
745, 7587.581876602332	452.46089101780234	-200.23098213322191	0
746, 7626.370104534998	402.3977486614855	38.788227932665905	0
747, 7636.464220253136	439.60039152287436	10.0941157181378	0
748, 7386.75557489055	426.1951542467799	-249.70864536258614	0
749, 7406.360516917642	456.1802840189224	19.604942027091965	0
750, 7349.236237972248	410.54404103298464	-57.1242789453936	0
751, 7366.162365687745	386.24311269226934	16.926127715496477	0
752, 7338.045046898873	467.65977891936404	-28.11731878887167	0
753, 7337.1937466951285	430.7115236832762	-0.8513002037443584	0
754, 7296.016966362686	424.6508415142259	-41.17678033244283	0
755, 7063.787525565524	403.67789211445853	-232.22944079716126	0
756, 7094.239854366096	432.25050818331675	30.452328800571195	0
757, 7296.6752726049535	463.6116513583835	202.4354182388579	0
758, 7282.659876862272	406.8506437530826	-14.015395742681903	0
759, 7248.03123708773	440.6818836666259	-34.628639774541625	0
760, 7223.639650508863	451.2591226848244	-24.391586578866736	0
761, 7195.375793806763	425.2719211234441	-28.263856702100384	0
762, 7263.279307567968	413.7072884435596	67.90351376120543	0
763, 7299.667507249595	415.9404294147499	36.38819968162625	0
764, 7390.782706215196	431.74368109343993	91.11519896560185	0
765, 7383.05734351376	425.1942548958306	-7.725362701436097	0
766, 7347.141825468393	399.3640893776686	-35.91551804536721	0
767, 7381.165757750783	450.31242850558743	34.02393228238998	0
768, 7410.410720761291	438.8256770189329	29.24496301050749	0
769, 7561.687704430172	446.26713087232974	151.27698366888126	0
770, 7549.50573465914	443.0806902638739	-12.181969771031618	0
771, 7506.289806878858	380.62364719257096	-43.21592778028207	0
772, 7509.298861960372	425.46047757537247	3.0090550815139068	0
773, 7508.982407930604	450.73611873404013	-0.31645402976846526	0
774, 7721.872352794296	466.1996149459321	212.8899448636921	0
775, 7700.586666475914	439.0343803163344	-21.285686318381522	0
776, 7734.239977455159	445.092307004316	33.65331097924445	0
777, 7685.383514368233	455.2691664213227	-48.85646308692594	0
778, 7667.759544747443	457.3462579077915	-17.623969620789467	0
779, 7679.444872928796	469.3913263900313	11.685328181352816	0
780, 7674.923136039761	471.01850106592025	-4.52173688903531	0
781, 7653.543222042928	434.1396687151441	-21.37991399683233	0
782, 7693.581731363235	419.2802976180714	40.03850932030673	0
783, 7689.6351190517635	432.2791479758155	-3.946612311471654	0
784, 7671.145610111908	438.52023334131127	-18.489508939855114	0
785, 7720.489455644312	483.6398737573365	49.343845532403975	0
786, 7419.130986708709	475.26643422364043	-301.358468935603	0
787, 7373.59018391407	412.1965482260922	-45.5408027946396	0
788, 7384.458619611696	420.93307162423207	10.86843569762641	0
789, 7436.557178968635	402.7587681370999	52.098559356938495	0
790, 7379.208034592481	414.95516149276307	-57.34914437615316	0
791, 7407.979016945796	402.67049351141185	28.77098235331414	0
792, 7349.188304549754	424.5813574472124	-58.79071239604127	0
793, 7338.940202013291	445.0664401488393	-10.248102536463193	0
794, 7585.774840209267	420.5372004042201	246.83463819597546	0
795, 7611.987612110777	445.8148810089488	26.212771901510678	0
796, 7577.727046184293	427.43346881163063	-34.26056592648456	0
797, 7365.447816081818	414.5256015301381	-212.27923010247468	0
798, 7383.5502750935	405.1169391506941	18.102459011682186	0
799, 7261.72187407946	430.23271236504354	-121.82840101404054	0
800, 7497.115813445129	437.388277090386	235.3939393656692	0
801, 7519.0911026697995	422.4153802558419	21.975289224670632	0
802, 7514.003448671436	434.28722272690015	-5.0876539983637485	0
803, 7351.766966998827	413.17211870366384	-162.23648167260853	0
804, 7376.79565355702	466.5313912711453	25.02868655819293	0
805, 7337.0167945070825	433.2161073642534	-39.77885904993764	0
806, 7273.45136911094	420.9488125198251	-63.56542539614293	0
807, 7292.1932826009615	428.3097316751314	18.741913490021943	0
808, 7456.19254042055	464.59214740774996	163.99925781958882	0
809, 7562.1310853651175	406.9439148128222	105.93854494456718	0
810, 7557.312138592026	446.636578115913	-4.818946773091739	0
811, 7524.8258619706	429.46832880403167	-32.48627662142553	0
812, 7416.223780816526	403.71939909220663	-108.60208115407386	0
813, 7333.996931588603	406.4050750986323	-82.2268492279236	0
814, 7405.041239135271	447.26604443899464	71.04430754666828	0
815, 7507.567230232657	403.72155806043963	102.52599109738549	0
816, 7538.47999163616	413.4625964740411	30.912761403503282	0
817, 7488.755837545589	423.98633954473206	-49.724154090570664	0
818, 7501.941743390131	458.27208919446736	13.185905844541594	0
819, 7471.542866520372	440.4841581902476	-30.39887686975908	0
820, 7470.044229744884	440.1695957801552	-1.4986367754872845	0
821, 7392.178351122002	415.77255519272484	-77.86587862288252	0
822, 7440.739051217697	439.0195704075326	48.56070009569521	0
823, 7425.468363118731	392.129032684836	-15.270688098966275	0
824, 7440.9361966158185	427.2732557529256	15.467833497087668	0
825, 7415.791575575879	424.39019422047545	-25.14462103993992	0
826, 7398.137669281431	442.7131811347237	-17.65390629444755	0
827, 7341.629175723355	415.558539927979	-56.508493558076225	0
828, 7344.420973057434	384.54279763054785	2.7917973340790923	0
829, 7561.546162953072	439.228458272929	217.12518989563796	0
830, 7546.178571387731	472.9073803914806	-15.367591565341172	0
831, 7487.225228211948	446.0503012167233	-58.95334317578272	0
832, 7433.756100675344	436.83702612296617	-53.46912753660399	0
833, 7451.48160467307	372.3379441495639	17.725503997726264	0
834, 7474.058837196692	437.6689491367223	22.577232523622115	0
835, 7351.300026452237	451.4798740037423	-122.75881074445533	0
836, 7435.328393209809	389.8130545871976	84.02836675757226	0
837, 7619.992418059001	431.56916778250803	184.66402484919126	0
838, 7581.492291436051	437.06681345806663	-38.50012662294921	0
839, 7426.055163088025	432.1764927271059	-155.4371283480259	0
840, 7382.130782991931	452.75807492892767	-43.924380096094865	0
841, 7450.910945736501	437.23982267206446	68.78016274457059	0
842, 7425.399328783781	412.17513059953757	-25.511616952720033	0
843, 7404.776864749018	446.2369834307713	-20.622464034762743	0
844, 7310.540702272816	432.76460994630213	-94.23616247620248	0
845, 7519.208704637924	430.1494664748292	208.6680023651079	0
846, 7590.683807613415	439.9118181329445	71.47510297549161	0
847, 7664.5818693273295	441.1853021931266	73.8980617139141	0
848, 7647.044548617093	418.03482802977936	-17.5373207102366	0
849, 7665.089793836591	460.68510702025856	18.0452452194977	0
850, 7700.751019107722	440.73708028909266	35.661225271131116	0
851, 7758.578014533386	509.84096949794605	57.82699542566388	0
852, 7825.8674125376	448.18571033768706	67.28939800421449	0
853, 7831.545548314513	442.6522159921613	5.678135776913223	0
854, 7667.790651736574	451.9791063672539	-163.7548965779397	0
855, 7665.818977524068	423.5109915600911	-1.9716742125056044	0
856, 7695.65492453362	446.33123361705185	29.835947009552	0
857, 7670.799996264239	412.9035273089722	-24.854928269381162	0
858, 7785.863377789391	486.57673779305065	115.06338152515218	0
859, 7828.006140138179	466.24664162810467	42.14276234878798	0
860, 7552.297097047588	426.87539101008804	-275.70904309059097	0
861, 7569.131992676782	435.6049909972483	16.834895629193852	0
862, 7593.919751607782	456.7783130432237	24.7877589310001	0
863, 7630.241344480744	446.628532862739	36.321592872962356	0
864, 7364.262255758182	370.9709840403322	-265.97908872256266	0
865, 7435.482720554437	437.20899876806124	71.22046479625533	0
866, 7426.001043787569	409.88077360925604	-9.481676766868077	0
867, 7468.466768916301	412.8971323632229	42.46572512873172	0
868, 7427.957073807872	412.72017295084027	-40.50969510842879	0
869, 7372.818424825194	462.1228581626508	-55.138648982678205	0
870, 7491.897938381499	409.77574044841504	119.07951355630576	0
871, 7515.474481005702	465.9202743154322	23.576542624202375	0
872, 7485.801102792972	402.3656472900943	-29.673378212729403	0
873, 7522.057874309683	392.1963899125226	36.256771516710614	0
874, 7489.482302999245	381.8831552489132	-32.575571310438136	0
875, 7559.4558144163975	404.1083264429663	69.97351141715262	0
876, 7469.118083751737	425.68457761322924	-90.33773066466074	0
877, 7319.767238639286	410.90954417922933	-149.35084511245077	0
878, 7296.5801127572995	396.6422048883748	-23.187125881986503	0
879, 7285.063989215967	443.8795892856019	-11.51612354133249	0
880, 7312.185750383766	445.0662501914753	27.121761167799377	0
881, 7361.5105245699615	412.93743427034826	49.3247741861951	0
882, 7504.690619596954	414.58732668888075	143.1800950269926	0
883, 7546.036693688608	451.5048513772147	41.34607409165346	0
884, 7499.9025736342255	430.2467197470438	-46.13412005438204	0
885, 7291.838639458375	394.99980882785707	-208.0639341758506	0
886, 7344.256621673352	435.4734728540515	52.4179822149772	0
887, 7541.279530273833	425.530380943613	197.02290860048106	0
888, 7576.962402966705	435.2429737799192	35.68287269287157	0
889, 7561.308497492039	428.19776330225034	-15.653905474665407	0
890, 7421.225245105581	460.23153623153627	-140.0832523864583	0
891, 7364.07241864997	439.2743504017999	-57.15282645561092	0
892, 7338.313834561064	473.2172303127083	-25.75858408890599	0
893, 7610.706516821306	438.198703357766	272.3926822602416	0
894, 7655.112555432925	428.3634344919025	44.4060386116189	0
895, 7514.522957443847	434.2282542825507	-140.58959798907745	0
896, 7375.024690521257	409.1035665604735	-139.49826692259012	0
897, 7345.300349400544	407.90655426701335	-29.72434112071278	0
898, 7369.439202326685	398.46793678633054	24.138852926140316	0
899, 7346.025305827502	376.18884572123994	-23.413896499182556	0
900, 7388.603741061473	430.3466243950336	42.578435233970595	0
901, 7609.718047130912	431.1174731683462	221.1143060694394	0
902, 7657.247359048706	416.60712303110716	47.529311917794075	0
903, 7527.635623116539	449.3993904066642	-129.611735932167	0
904, 7663.902871164041	433.87010861051255	136.2672480475021	0
905, 7622.076819455807	428.0272048963222	-41.826051708234445	0
906, 7571.200301679275	447.57327098628326	-50.87651777653173	0
907, 7425.526608929072	409.8840064926974	-145.67369275020337	0
908, 7488.022521291673	459.2146158879752	62.4959123626013	0
909, 7415.645964274245	432.906999577944	-72.37655701742824	0
910, 7404.611272251548	445.84650671837846	-11.034692022696618	0
911, 7449.522747247037	457.080339736267	44.91147499548879	0
912, 7507.075151008948	408.3318668071785	57.55240376191068	0
913, 7616.7474350179855	441.98323137905703	109.67228400903787	0
914, 7478.736708055643	425.23868859077896	-138.01072696234223	0
915, 7463.992327150527	434.4672212803289	-14.744380905116486	0
916, 7481.29719331851	464.37660865143386	17.304866167983164	0
917, 7526.348812018086	406.82428814033875	45.051618699576466	0
918, 7495.291349439851	431.3918689099618	-31.057462578235572	0
919, 7499.1796154361255	419.94292284087237	3.88826599627464	0
920, 7460.949239358802	440.8867356052889	-38.230376077323854	0
921, 7507.205002707945	439.58891825125954	46.25576334914331	0
922, 7523.176190278609	436.1572652058649	15.97118757066437	0
923, 7571.774133985209	434.49278605218757	48.597943706599835	0
924, 7536.493303312819	442.9897138185122	-35.28083067239004	0
925, 7541.568711860001	441.1270518836509	5.075408547181723	0
926, 7563.740023667038	418.7080740822427	22.171311807037455	0
927, 7584.113132679427	431.45288213195965	20.37310901238834	0
928, 7650.789420347483	440.3928645510329	66.67628766805683	0
929, 7644.797472350545	500.9697395358625	-5.9919479969385065	0
930, 7627.195567887532	425.84564395927765	-17.601904463012943	0
931, 7584.135082416681	445.18104789843375	-43.060485470850836	0
932, 7450.370263325272	390.319069622302	-133.76481909140875	0
933, 7435.817907783976	476.4094808031035	-14.552355541296492	0
934, 7511.660320840252	438.1733008347164	75.8424130562762	0
935, 7521.08609238051	463.18988028688045	9.42577154025821	0
936, 7517.80171471089	450.42178074686046	-3.284377669619971	0
937, 7467.465635910675	399.4923944515168	-50.336078800215546	0
938, 7547.495856779588	420.5282507671691	80.0302208689136	0
939, 7583.648841761245	471.11414174160996	36.15298498165703	0
940, 7542.785966761398	442.6963606921789	-40.86287499984701	0
941, 7431.320578634334	424.64182702472596	-111.46538812706422	0
942, 7427.309935698731	444.7842398185454	-4.010642935602846	0
943, 7485.73614418431	425.36992139270546	58.42620848557908	0
944, 7416.934017937014	446.3005091651827	-68.80212624729666	0
945, 7485.283482778185	474.8990068861771	68.34946484117154	0
946, 7536.968680588433	404.1807338888822	51.6851978102477	0
947, 7513.406430559129	436.6540762184142	-23.56225002930387	0
948, 7559.570767795578	432.5263127141307	46.16433723644877	0
949, 7505.192877947503	441.08436286893186	-54.37788984807503	0
950, 7416.185705783344	440.51445132242804	-89.00717216415887	0
951, 7470.157983554431	459.6710811134185	53.97227777108674	0
952, 7510.632804898545	459.0119828184535	40.47482134411439	0
953, 7510.261623170538	498.0404793643421	-0.37118172800728644	0
954, 7557.853529599025	419.0123477877217	47.591906428487164	0
955, 7685.986137557297	420.81609281887637	128.13260795827227	0
956, 7697.507020080959	465.68700413484913	11.520882523661385	0
957, 7657.919101458826	435.98288539689344	-39.58791862213275	0
958, 7628.542061591742	453.49324357634254	-29.377039867084022	0
959, 7671.644559268212	402.27957908189774	43.10249767647019	0
960, 7684.534442913184	477.12111316176083	12.889883644971633	0
961, 7751.912105980726	449.75839928938626	67.37766306754202	0
962, 7727.505928379946	419.98538904629726	-24.4061776007793	0
963, 7756.274279231462	439.92762922574235	28.768350851515606	0
964, 7774.46904773271	428.5565714913649	18.19476850124829	0
965, 7848.194007796311	493.27997292838637	73.72496006360052	0
966, 7827.769022087128	418.69974849476944	-20.424985709182693	0
